10000.0;1000.0;1000.0;1000.0;1000.0;1000.0;1000.0;1000.0;1000.0;10000.0
10000.0;1090.0;1000.0;1000.0;1000.0;1000.0;1000.0;1000.0;1090.0;10000.0
10000.0;1178.2;1000.9;1000.0;1000.0;1000.0;1000.0;1000.9;1178.2;10000.0
10000.0;1264.6449;1002.664;1000.009;1000.0;1000.0;1000.009;1002.664;1264.6449;10000.0
10000.0;1349.3787;1005.25726;1000.03546;1000.00006;1000.00006;1000.03546;1005.25726;1349.3787;10000.0
10000.0;1432.4436;1008.64624;1000.08734;1000.0004;1000.0004;1000.08734;1008.64624;1432.4436;10000.0
10000.0;1513.8812;1012.79865;1000.17206;1000.0013;1000.0013;1000.17206;1012.79865;1513.8812;10000.0
10000.0;1593.7316;1017.6832;1000.29663;1000.003;1000.003;1000.29663;1017.6832;1593.7316;10000.0
10000.0;1672.0338;1023.26984;1000.4676;1000.0059;1000.0059;1000.4676;1023.26984;1672.0338;10000.0
10000.0;1748.8258;1029.5294;1000.691;1000.01056;1000.01056;1000.691;1029.5294;1748.8258;10000.0
10000.0;1824.1445;1036.434;1000.97253;1000.01733;1000.01733;1000.97253;1036.434;1824.1445;10000.0
10000.0;1898.026;1043.9564;1001.3176;1000.02686;1000.02686;1001.3176;1043.9564;1898.026;10000.0
10000.0;1970.505;1052.0707;1001.7311;1000.03973;1000.03973;1001.7311;1052.0707;1970.505;10000.0
10000.0;2041.6156;1060.7516;1002.2176;1000.05664;1000.05664;1002.2176;1060.7516;2041.6156;10000.0
10000.0;2111.3909;1069.9749;1002.7813;1000.07825;1000.07825;1002.7813;1069.9749;2111.3909;10000.0
10000.0;2179.8628;1079.717;1003.4262;1000.1053;1000.1053;1003.4262;1079.717;2179.8628;10000.0
10000.0;2247.0627;1089.9556;1004.1559;1000.1385;1000.1385;1004.1559;1089.9556;2247.0627;10000.0
10000.0;2313.021;1100.6687;1004.9737;1000.17865;1000.17865;1004.9737;1100.6687;2313.021;10000.0
10000.0;2377.7673;1111.8353;1005.8827;1000.2266;1000.2266;1005.8827;1111.8353;2377.7673;10000.0
10000.0;2441.3303;1123.4352;1006.8857;1000.2832;1000.2832;1006.8857;1123.4352;2441.3303;10000.0
10000.0;2503.738;1135.4486;1007.98517;1000.34924;1000.34924;1007.98517;1135.4486;2503.738;10000.0
10000.0;2565.0178;1147.8568;1009.1835;1000.4256;1000.4256;1009.1835;1147.8568;2565.0178;10000.0
10000.0;2625.196;1160.6417;1010.4826;1000.5132;1000.5132;1010.4826;1160.6417;2625.196;10000.0
10000.0;2684.2986;1173.7856;1011.8845;1000.61285;1000.61285;1011.8845;1173.7856;2684.2986;10000.0
10000.0;2742.3506;1187.2717;1013.3908;1000.7256;1000.7256;1013.3908;1187.2717;2742.3506;10000.0
10000.0;2799.3762;1201.0837;1015.003;1000.85223;1000.85223;1015.003;1201.0837;2799.3762;10000.0
10000.0;2855.3994;1215.2058;1016.7223;1000.9937;1000.9937;1016.7223;1215.2058;2855.3994;10000.0
10000.0;2910.4436;1229.6229;1018.54987;1001.151;1001.151;1018.54987;1229.6229;2910.4436;10000.0
10000.0;2964.531;1244.3204;1020.48663;1001.325;1001.325;1020.48663;1244.3204;2964.531;10000.0
10000.0;3017.6836;1259.2842;1022.5333;1001.5166;1001.5166;1022.5333;1259.2842;3017.6836;10000.0
10000.0;3069.9229;1274.5006;1024.6907;1001.72675;1001.72675;1024.6907;1274.5006;3069.9229;10000.0
10000.0;3121.2693;1289.9568;1026.9591;1001.95636;1001.95636;1026.9591;1289.9568;3121.2693;10000.0
10000.0;3171.7434;1305.6399;1029.3391;1002.20636;1002.20636;1029.3391;1305.6399;3171.7434;10000.0
10000.0;3221.365;1321.538;1031.8308;1002.47766;1002.47766;1031.8308;1321.538;3221.365;10000.0
10000.0;3270.153;1337.6392;1034.4343;1002.7712;1002.7712;1034.4343;1337.6392;3270.153;10000.0
10000.0;3318.1265;1353.9323;1037.1498;1003.0878;1003.0878;1037.1498;1353.9323;3318.1265;10000.0
10000.0;3365.3032;1370.4064;1039.9769;1003.42847;1003.42847;1039.9769;1370.4064;3365.3032;10000.0
10000.0;3411.7012;1387.051;1042.9158;1003.79395;1003.79395;1042.9158;1387.051;3411.7012;10000.0
10000.0;3457.3376;1403.8562;1045.966;1004.1852;1004.1852;1045.966;1403.8562;3457.3376;10000.0
10000.0;3502.2295;1420.8121;1049.1271;1004.60297;1004.60297;1049.1271;1420.8121;3502.2295;10000.0
10000.0;3546.393;1437.9094;1052.3987;1005.0482;1005.0482;1052.3987;1437.9094;3546.393;10000.0
10000.0;3589.8442;1455.1392;1055.7803;1005.5217;1005.5217;1055.7803;1455.1392;3589.8442;10000.0
10000.0;3632.5986;1472.4927;1059.2712;1006.0243;1006.0243;1059.2712;1472.4927;3632.5986;10000.0
10000.0;3674.6716;1489.9615;1062.871;1006.55676;1006.55676;1062.871;1489.9615;3674.6716;10000.0
10000.0;3716.078;1507.5377;1066.5787;1007.11993;1007.11993;1066.5787;1507.5377;3716.078;10000.0
10000.0;3756.8318;1525.2135;1070.3937;1007.71454;1007.71454;1070.3937;1525.2135;3756.8318;10000.0
10000.0;3796.9473;1542.9814;1074.3151;1008.3413;1008.3413;1074.3151;1542.9814;3796.9473;10000.0
10000.0;3836.4382;1560.8345;1078.342;1009.00104;1009.00104;1078.342;1560.8345;3836.4382;10000.0
10000.0;3875.3179;1578.7656;1082.4735;1009.69446;1009.69446;1082.4735;1578.7656;3875.3179;10000.0
10000.0;3913.599;1596.7682;1086.7086;1010.42224;1010.42224;1086.7086;1596.7682;3913.599;10000.0
10000.0;3951.295;1614.8359;1091.0464;1011.1851;1011.1851;1091.0464;1614.8359;3951.295;10000.0
10000.0;3988.4175;1632.9626;1095.4857;1011.9837;1011.9837;1095.4857;1632.9626;3988.4175;10000.0
10000.0;4024.9788;1651.1425;1100.0255;1012.8187;1012.8187;1100.0255;1651.1425;4024.9788;10000.0
10000.0;4060.9907;1669.3696;1104.6647;1013.6908;1013.6908;1104.6647;1669.3696;4060.9907;10000.0
10000.0;4096.465;1687.6388;1109.402;1014.6005;1014.6005;1109.402;1687.6388;4096.465;10000.0
10000.0;4131.412;1705.9447;1114.2363;1015.5485;1015.5485;1114.2363;1705.9447;4131.412;10000.0
10000.0;4165.8433;1724.2823;1119.1665;1016.5354;1016.5354;1119.1665;1724.2823;4165.8433;10000.0
10000.0;4199.769;1742.6469;1124.1914;1017.5617;1017.5617;1124.1914;1742.6469;4199.769;10000.0
10000.0;4233.2;1761.0336;1129.3097;1018.628;1018.628;1129.3097;1761.0336;4233.2;10000.0
10000.0;4266.1465;1779.438;1134.5201;1019.7348;1019.7348;1134.5201;1779.438;4266.1465;10000.0
10000.0;4298.618;1797.8558;1139.8214;1020.8826;1020.8826;1139.8214;1797.8558;4298.618;10000.0
10000.0;4330.6245;1816.2831;1145.2124;1022.072;1022.072;1145.2124;1816.2831;4330.6245;10000.0
10000.0;4362.175;1834.7158;1150.6917;1023.3034;1023.3034;1150.6917;1834.7158;4362.175;10000.0
10000.0;4393.2783;1853.1501;1156.258;1024.5773;1024.5773;1156.258;1853.1501;4393.2783;10000.0
10000.0;4423.9443;1871.5825;1161.9102;1025.894;1025.894;1161.9102;1871.5825;4423.9443;10000.0
10000.0;4454.181;1890.0094;1167.6467;1027.2542;1027.2542;1167.6467;1890.0094;4454.181;10000.0
10000.0;4483.9976;1908.4275;1173.4664;1028.6581;1028.6581;1173.4664;1908.4275;4483.9976;10000.0
10000.0;4513.402;1926.8336;1179.3679;1030.1062;1030.1062;1179.3679;1926.8336;4513.402;10000.0
10000.0;4542.4023;1945.2246;1185.35;1031.5989;1031.5989;1185.35;1945.2246;4542.4023;10000.0
10000.0;4571.0063;1963.5977;1191.4113;1033.1364;1033.1364;1191.4113;1963.5977;4571.0063;10000.0
10000.0;4599.222;1981.9498;1197.5504;1034.7191;1034.7191;1197.5504;1981.9498;4599.222;10000.0
10000.0;4627.057;2000.2786;1203.7661;1036.3474;1036.3474;1203.7661;2000.2786;4627.057;10000.0
10000.0;4654.5186;2018.5812;1210.057;1038.0216;1038.0216;1210.057;2018.5812;4654.5186;10000.0
10000.0;4681.614;2036.8553;1216.4219;1039.742;1039.742;1216.4219;2036.8553;4681.614;10000.0
10000.0;4708.35;2055.0986;1222.8594;1041.5088;1041.5088;1222.8594;2055.0986;4708.35;10000.0
10000.0;4734.734;2073.3088;1229.3683;1043.3223;1043.3223;1229.3683;2073.3088;4734.734;10000.0
10000.0;4760.7725;2091.4836;1235.9473;1045.1827;1045.1827;1235.9473;2091.4836;4760.7725;10000.0
10000.0;4786.4717;2109.621;1242.595;1047.0903;1047.0903;1242.595;2109.621;4786.4717;10000.0
10000.0;4811.8384;2127.7192;1249.3102;1049.0454;1049.0454;1249.3102;2127.7192;4811.8384;10000.0
10000.0;4836.879;2145.7764;1256.0917;1051.0481;1051.0481;1256.0917;2145.7764;4836.879;10000.0
10000.0;4861.599;2163.7905;1262.9381;1053.0985;1053.0985;1262.9381;2163.7905;4861.599;10000.0
10000.0;4886.005;2181.76;1269.8483;1055.1969;1055.1969;1269.8483;2181.76;4886.005;10000.0
10000.0;4910.1025;2199.6833;1276.8209;1057.3434;1057.3434;1276.8209;2199.6833;4910.1025;10000.0
10000.0;4933.8975;2217.5588;1283.8547;1059.5382;1059.5382;1283.8547;2217.5588;4933.8975;10000.0
10000.0;4957.395;2235.3853;1290.9486;1061.7814;1061.7814;1290.9486;2235.3853;4957.395;10000.0
10000.0;4980.601;2253.161;1298.1013;1064.073;1064.073;1298.1013;2253.161;4980.601;10000.0
10000.0;5003.5205;2270.8848;1305.3116;1066.4133;1066.4133;1305.3116;2270.8848;5003.5205;10000.0
10000.0;5026.159;2288.5554;1312.5784;1068.8024;1068.8024;1312.5784;2288.5554;5026.159;10000.0
10000.0;5048.5215;2306.1716;1319.9004;1071.2401;1071.2401;1319.9004;2306.1716;5048.5215;10000.0
10000.0;5070.613;2323.7324;1327.2765;1073.7267;1073.7267;1327.2765;2323.7324;5070.613;10000.0
10000.0;5092.438;2341.2366;1334.7056;1076.2622;1076.2622;1334.7056;2341.2366;5092.438;10000.0
10000.0;5114.0015;2358.6833;1342.1864;1078.8467;1078.8467;1342.1864;2358.6833;5114.0015;10000.0
10000.0;5135.308;2376.0715;1349.718;1081.4801;1081.4801;1349.718;2376.0715;5135.308;10000.0
10000.0;5156.363;2393.4004;1357.2992;1084.1625;1084.1625;1357.2992;2393.4004;5156.363;10000.0
10000.0;5177.1694;2410.669;1364.9288;1086.8938;1086.8938;1364.9288;2410.669;5177.1694;10000.0
10000.0;5197.733;2427.8765;1372.6058;1089.6742;1089.6742;1372.6058;2427.8765;5197.733;10000.0
10000.0;5218.057;2445.0222;1380.3292;1092.5035;1092.5035;1380.3292;2445.0222;5218.057;10000.0
10000.0;5238.146;2462.1057;1388.0979;1095.3818;1095.3818;1388.0979;2462.1057;5238.146;10000.0
10000.0;5258.004;2479.126;1395.9108;1098.309;1098.309;1395.9108;2479.126;5258.004;10000.0
10000.0;5277.6353;2496.0825;1403.7668;1101.285;1101.285;1403.7668;2496.0825;5277.6353;10000.0
10000.0;5297.0435;2512.9749;1411.6652;1104.3098;1104.3098;1411.6652;2512.9749;5297.0435;10000.0
10000.0;5316.2324;2529.8025;1419.6047;1107.3834;1107.3834;1419.6047;2529.8025;5316.2324;10000.0
10000.0;5335.2056;2546.5647;1427.5845;1110.5056;1110.5056;1427.5845;2546.5647;5335.2056;10000.0
10000.0;5353.9673;2563.2612;1435.6035;1113.6764;1113.6764;1435.6035;2563.2612;5353.9673;10000.0
10000.0;5372.5205;2579.8916;1443.6608;1116.8956;1116.8956;1443.6608;2579.8916;5372.5205;10000.0
10000.0;5390.869;2596.4556;1451.7554;1120.1633;1120.1633;1451.7554;2596.4556;5390.869;10000.0
10000.0;5409.016;2612.9526;1459.8865;1123.4792;1123.4792;1459.8865;2612.9526;5409.016;10000.0
10000.0;5426.9653;2629.3826;1468.0531;1126.8433;1126.8433;1468.0531;2629.3826;5426.9653;10000.0
10000.0;5444.7197;2645.745;1476.2543;1130.2554;1130.2554;1476.2543;2645.745;5444.7197;10000.0
10000.0;5462.2827;2662.04;1484.4891;1133.7153;1133.7153;1484.4891;2662.04;5462.2827;10000.0
10000.0;5479.657;2678.2668;1492.757;1137.223;1137.223;1492.757;2678.2668;5479.657;10000.0
10000.0;5496.8467;2694.4255;1501.0568;1140.7783;1140.7783;1501.0568;2694.4255;5496.8467;10000.0
10000.0;5513.854;2710.516;1509.3877;1144.3811;1144.3811;1509.3877;2710.516;5513.854;10000.0
10000.0;5530.682;2726.538;1517.7489;1148.0311;1148.0311;1517.7489;2726.538;5530.682;10000.0
10000.0;5547.334;2742.4917;1526.1396;1151.7283;1151.7283;1526.1396;2742.4917;5547.334;10000.0
10000.0;5563.812;2758.3767;1534.5591;1155.4724;1155.4724;1534.5591;2758.3767;5563.812;10000.0
10000.0;5580.1196;2774.1929;1543.0063;1159.2633;1159.2633;1543.0063;2774.1929;5580.1196;10000.0
10000.0;5596.2593;2789.9402;1551.4808;1163.1007;1163.1007;1551.4808;2789.9402;5596.2593;10000.0
10000.0;5612.2334;2805.619;1559.9816;1166.9845;1166.9845;1559.9816;2805.619;5612.2334;10000.0
10000.0;5628.045;2821.2288;1568.5079;1170.9144;1170.9144;1568.5079;2821.2288;5628.045;10000.0
10000.0;5643.6963;2836.7698;1577.0592;1174.8904;1174.8904;1577.0592;2836.7698;5643.6963;10000.0
10000.0;5659.19;2852.242;1585.6346;1178.9121;1178.9121;1585.6346;2852.242;5659.19;10000.0
10000.0;5674.5283;2867.6453;1594.2335;1182.9794;1182.9794;1594.2335;2867.6453;5674.5283;10000.0
10000.0;5689.7144;2882.98;1602.8551;1187.0919;1187.0919;1602.8551;2882.98;5689.7144;10000.0
10000.0;5704.75;2898.246;1611.4988;1191.2495;1191.2495;1611.4988;2898.246;5704.75;10000.0
10000.0;5719.6377;2913.4436;1620.1638;1195.452;1195.452;1620.1638;2913.4436;5719.6377;10000.0
10000.0;5734.3794;2928.5728;1628.8495;1199.6991;1199.6991;1628.8495;2928.5728;5734.3794;10000.0
10000.0;5748.9775;2943.6335;1637.5552;1203.9906;1203.9906;1637.5552;2943.6335;5748.9775;10000.0
10000.0;5763.434;2958.6262;1646.2803;1208.3263;1208.3263;1646.2803;2958.6262;5763.4346;10000.0
10000.0;5777.7515;2973.5508;1655.0242;1212.7058;1212.7058;1655.0242;2973.5508;5777.752;10000.0
10000.0;5791.932;2988.4075;1663.7863;1217.129;1217.129;1663.7863;2988.4075;5791.9326;10000.0
10000.0;5805.9775;3003.1965;1672.5659;1221.5956;1221.5956;1672.5659;3003.1965;5805.978;10000.0
10000.0;5819.89;3017.918;1681.3625;1226.1052;1226.1052;1681.3625;3017.918;5819.8906;10000.0
10000.0;5833.6714;3032.572;1690.1755;1230.6578;1230.6578;1690.1755;3032.572;5833.672;10000.0
10000.0;5847.3237;3047.159;1699.0043;1235.253;1235.253;1699.0043;3047.159;5847.324;10000.0
10000.0;5860.8486;3061.679;1707.8483;1239.8906;1239.8906;1707.8483;3061.679;5860.849;10000.0
10000.0;5874.2485;3076.1323;1716.707;1244.5702;1244.5702;1716.707;3076.1323;5874.249;10000.0
10000.0;5887.525;3090.5193;1725.58;1249.2915;1249.2915;1725.58;3090.5193;5887.5254;10000.0
10000.0;5900.6797;3104.8398;1734.4664;1254.0544;1254.0544;1734.4664;3104.8398;5900.68;10000.0
10000.0;5913.7144;3119.0945;1743.3661;1258.8585;1258.8585;1743.3661;3119.0945;5913.715;10000.0
10000.0;5926.631;3133.2834;1752.2783;1263.7036;1263.7036;1752.2783;3133.2834;5926.6313;10000.0
10000.0;5939.431;3147.407;1761.2026;1268.5894;1268.5894;1761.2026;3147.407;5939.4316;10000.0
10000.0;5952.1167;3161.465;1770.1385;1273.5155;1273.5155;1770.1385;3161.465;5952.117;10000.0
10000.0;5964.689;3175.4583;1779.0856;1278.4817;1278.4817;1779.0856;3175.4583;5964.6895;10000.0
10000.0;5977.15;3189.3867;1788.0432;1283.4877;1283.4877;1788.0432;3189.3867;5977.1504;10000.0
10000.0;5989.501;3203.251;1797.0111;1288.5332;1288.5332;1797.0111;3203.251;5989.5015;10000.0
10000.0;6001.7437;3217.051;1805.9888;1293.618;1293.618;1805.9888;3217.051;6001.744;10000.0
10000.0;6013.8794;3230.7874;1814.9757;1298.7417;1298.7417;1814.9757;3230.7874;6013.88;10000.0
10000.0;6025.9097;3244.4602;1823.9714;1303.904;1303.904;1823.9714;3244.4602;6025.91;10000.0
10000.0;6037.836;3258.0698;1832.9757;1309.1047;1309.1047;1832.9757;3258.0698;6037.8364;10000.0
10000.0;6049.66;3271.6165;1841.9879;1314.3435;1314.3435;1841.9879;3271.6165;6049.66;10000.0
10000.0;6061.3833;3285.1006;1851.0078;1319.62;1319.62;1851.0078;3285.1006;6061.3833;10000.0
10000.0;6073.007;3298.5225;1860.0349;1324.9338;1324.9338;1860.0349;3298.5225;6073.007;10000.0
10000.0;6084.5317;3311.8823;1869.0687;1330.2848;1330.2848;1869.0687;3311.8823;6084.5317;10000.0
10000.0;6095.96;3325.1807;1878.109;1335.6726;1335.6726;1878.109;3325.1807;6095.96;10000.0
10000.0;6107.2925;3338.4177;1887.1554;1341.0969;1341.0969;1887.1554;3338.4177;6107.2925;10000.0
10000.0;6118.531;3351.5938;1896.2074;1346.5575;1346.5575;1896.2074;3351.5938;6118.531;10000.0
10000.0;6129.6763;3364.7092;1905.2648;1352.054;1352.054;1905.2648;3364.7092;6129.6763;10000.0
10000.0;6140.73;3377.7644;1914.3271;1357.586;1357.586;1914.3271;3377.7644;6140.73;10000.0
10000.0;6151.693;3390.7598;1923.3942;1363.1534;1363.1534;1923.3942;3390.7598;6151.693;10000.0
10000.0;6162.5664;3403.6956;1932.4655;1368.7559;1368.7559;1932.4655;3403.6956;6162.5664;10000.0
10000.0;6173.352;3416.572;1941.5406;1374.393;1374.393;1941.5406;3416.572;6173.352;10000.0
10000.0;6184.051;3429.3894;1950.6195;1380.0645;1380.0645;1950.6195;3429.3894;6184.051;10000.0
10000.0;6194.6636;3442.1484;1959.7017;1385.77;1385.77;1959.7017;3442.1484;6194.6636;10000.0
10000.0;6205.192;3454.849;1968.7869;1391.5093;1391.5093;1968.7869;3454.849;6205.192;10000.0
10000.0;6215.6367;3467.492;1977.8748;1397.2821;1397.2821;1977.8748;3467.492;6215.6367;10000.0
10000.0;6225.999;3480.0771;1986.965;1403.088;1403.088;1986.965;3480.0771;6225.999;10000.0
10000.0;6236.28;3492.6052;1996.0574;1408.9268;1408.9268;1996.0574;3492.6052;6236.28;10000.0
10000.0;6246.4805;3505.0764;2005.1515;1414.7981;1414.7981;2005.1515;3505.0764;6246.4805;10000.0
10000.0;6256.6016;3517.4912;2014.2472;1420.7017;1420.7017;2014.2472;3517.4912;6256.6016;10000.0
10000.0;6266.6445;3529.8499;2023.3442;1426.6371;1426.6371;2023.3442;3529.8499;6266.6445;10000.0
10000.0;6276.6104;3542.1528;2032.4423;1432.6041;1432.6041;2032.4423;3542.1528;6276.6104;10000.0
10000.0;6286.4995;3554.4004;2041.541;1438.6025;1438.6025;2041.541;3554.4004;6286.4995;10000.0
10000.0;6296.3135;3566.5928;2050.6401;1444.632;1444.632;2050.6401;3566.5928;6296.3135;10000.0
10000.0;6306.053;3578.7305;2059.7395;1450.692;1450.692;2059.7395;3578.7305;6306.053;10000.0
10000.0;6315.719;3590.8137;2068.8389;1456.7825;1456.7825;2068.8389;3590.8137;6315.719;10000.0
10000.0;6325.313;3602.843;2077.938;1462.9031;1462.9031;2077.938;3602.843;6325.313;10000.0
10000.0;6334.835;3614.8186;2087.0366;1469.0535;1469.0535;2087.0366;3614.8186;6334.835;10000.0
10000.0;6344.2866;3626.741;2096.1345;1475.2333;1475.2333;2096.1345;3626.741;6344.2866;10000.0
10000.0;6353.6685;3638.6104;2105.2317;1481.4423;1481.4423;2105.2317;3638.6104;6353.6685;10000.0
10000.0;6362.981;3650.4272;2114.3276;1487.6802;1487.6802;2114.3276;3650.4272;6362.981;10000.0
10000.0;6372.2256;3662.192;2123.422;1493.9467;1493.9467;2123.422;3662.192;6372.2256;10000.0
10000.0;6381.403;3673.9045;2132.5151;1500.2415;1500.2415;2132.5151;3673.9045;6381.403;10000.0
10000.0;6390.5137;3685.5657;2141.6062;1506.5642;1506.5642;2141.6062;3685.5657;6390.5137;10000.0
10000.0;6399.559;3697.1755;2150.6953;1512.9147;1512.9147;2150.6953;3697.1755;6399.559;10000.0
10000.0;6408.5396;3708.7346;2159.7822;1519.2925;1519.2925;2159.7822;3708.7346;6408.5396;10000.0
10000.0;6417.456;3720.2432;2168.867;1525.6974;1525.6974;2168.867;3720.2432;6417.456;10000.0
10000.0;6426.3096;3731.7014;2177.949;1532.129;1532.129;2177.949;3731.7014;6426.3096;10000.0
10000.0;6435.1006;3743.1099;2187.0283;1538.5873;1538.5873;2187.0283;3743.1099;6435.1006;10000.0
10000.0;6443.8296;3754.469;2196.1047;1545.0717;1545.0717;2196.1047;3754.469;6443.8296;10000.0
10000.0;6452.4976;3765.779;2205.178;1551.582;1551.582;2205.178;3765.779;6452.4976;10000.0
10000.0;6461.1055;3777.0403;2214.248;1558.118;1558.118;2214.248;3777.0403;6461.1055;10000.0
10000.0;6469.654;3788.253;2223.3147;1564.6793;1564.6793;2223.3147;3788.253;6469.654;10000.0
10000.0;6478.143;3799.4175;2232.3777;1571.2656;1571.2656;2232.3777;3799.4175;6478.143;10000.0
10000.0;6486.574;3810.5344;2241.437;1577.8767;1577.8767;2241.437;3810.5344;6486.574;10000.0
10000.0;6494.948;3821.6038;2250.4924;1584.5123;1584.5123;2250.4924;3821.6038;6494.948;10000.0
10000.0;6503.265;3832.626;2259.5437;1591.1721;1591.1721;2259.5437;3832.626;6503.265;10000.0
10000.0;6511.526;3843.6016;2268.5908;1597.8558;1597.8558;2268.5908;3843.6016;6511.526;10000.0
10000.0;6519.7314;3854.5308;2277.6335;1604.5632;1604.5632;2277.6335;3854.5308;6519.7314;10000.0
10000.0;6527.8823;3865.4138;2286.6719;1611.294;1611.294;2286.6719;3865.4138;6527.8823;10000.0
10000.0;6535.979;3876.251;2295.7056;1618.0477;1618.0477;2295.7056;3876.251;6535.979;10000.0
10000.0;6544.022;3887.0427;2304.7344;1624.8243;1624.8243;2304.7344;3887.0427;6544.022;10000.0
10000.0;6552.0117;3897.7896;2313.7583;1631.6234;1631.6234;2313.7583;3897.7896;6552.0117;10000.0
10000.0;6559.949;3908.4915;2322.7773;1638.4447;1638.4447;2322.7773;3908.4915;6559.949;10000.0
10000.0;6567.835;3919.149;2331.7913;1645.2881;1645.2881;2331.7913;3919.149;6567.835;10000.0
10000.0;6575.67;3929.7622;2340.7998;1652.1531;1652.1531;2340.7998;3929.7622;6575.67;10000.0
10000.0;6583.454;3940.3315;2349.803;1659.0396;1659.0396;2349.803;3940.3315;6583.454;10000.0
10000.0;6591.1885;3950.8574;2358.8005;1665.9471;1665.9471;2358.8005;3950.8574;6591.1885;10000.0
10000.0;6598.873;3961.34;2367.7925;1672.8757;1672.8757;2367.7925;3961.34;6598.873;10000.0
10000.0;6606.509;3971.78;2376.7788;1679.825;1679.825;2376.7788;3971.78;6606.509;10000.0
10000.0;6614.096;3982.1772;2385.7593;1686.7944;1686.7944;2385.7593;3982.1772;6614.096;10000.0
10000.0;6621.636;3992.5322;2394.734;1693.784;1693.784;2394.734;3992.5322;6621.636;10000.0
10000.0;6629.129;4002.8452;2403.7024;1700.7936;1700.7936;2403.7024;4002.8452;6629.129;10000.0
10000.0;6636.5747;4013.1167;2412.6648;1707.8226;1707.8226;2412.6648;4013.1167;6636.5747;10000.0
10000.0;6643.9746;4023.3467;2421.6208;1714.8711;1714.8711;2421.6208;4023.3467;6643.9746;10000.0
10000.0;6651.3286;4033.5356;2430.5706;1721.9386;1721.9386;2430.5706;4033.5356;6651.3286;10000.0
10000.0;6658.637;4043.6838;2439.514;1729.0249;1729.0249;2439.514;4043.6838;6658.637;10000.0
10000.0;6665.9014;4053.7917;2448.4507;1736.1298;1736.1298;2448.4507;4053.7917;6665.9014;10000.0
10000.0;6673.121;4063.8594;2457.3809;1743.2529;1743.2529;2457.3809;4063.8594;6673.121;10000.0
10000.0;6680.2974;4073.8872;2466.3044;1750.3942;1750.3942;2466.3044;4073.8872;6680.2974;10000.0
10000.0;6687.43;4083.8755;2475.2212;1757.5532;1757.5532;2475.2212;4083.8755;6687.43;10000.0
10000.0;6694.5205;4093.8245;2484.131;1764.7299;1764.7299;2484.131;4093.8245;6694.5205;10000.0
10000.0;6701.5684;4103.7344;2493.034;1771.9238;1771.9238;2493.034;4103.7344;6701.5684;10000.0
10000.0;6708.574;4113.6055;2501.93;1779.1349;1779.1349;2501.93;4113.6055;6708.574;10000.0
10000.0;6715.5386;4123.4385;2510.8188;1786.3628;1786.3628;2510.8188;4123.4385;6715.5386;10000.0
10000.0;6722.4624;4133.2334;2519.7004;1793.6073;1793.6073;2519.7004;4133.2334;6722.4624;10000.0
10000.0;6729.3457;4142.99;2528.575;1800.8683;1800.8683;2528.575;4142.99;6729.3457;10000.0
10000.0;6736.1885;4152.7095;2537.4421;1808.1454;1808.1454;2537.4421;4152.7095;6736.1885;10000.0
10000.0;6742.9917;4162.3916;2546.3018;1815.4384;1815.4384;2546.3018;4162.3916;6742.9917;10000.0
10000.0;6749.756;4172.0366;2555.154;1822.747;1822.747;2555.154;4172.0366;6749.756;10000.0
10000.0;6756.481;4181.645;2563.9988;1830.071;1830.071;2563.9988;4181.645;6756.481;10000.0
10000.0;6763.168;4191.217;2572.836;1837.4103;1837.4103;2572.836;4191.217;6763.168;10000.0
10000.0;6769.817;4200.7524;2581.6655;1844.7645;1844.7645;2581.6655;4200.7524;6769.817;10000.0
10000.0;6776.428;4210.2524;2590.4873;1852.1335;1852.1335;2590.4873;4210.2524;6776.428;10000.0
10000.0;6783.002;4219.7163;2599.3015;1859.5171;1859.5171;2599.3015;4219.7163;6783.002;10000.0
10000.0;6789.539;4229.145;2608.108;1866.9149;1866.9149;2608.108;4229.145;6789.539;10000.0
10000.0;6796.0396;4238.5386;2616.9063;1874.3269;1874.3269;2616.9063;4238.5386;6796.0396;10000.0
10000.0;6802.504;4247.8975;2625.6968;1881.7527;1881.7527;2625.6968;4247.8975;6802.504;10000.0
10000.0;6808.9326;4257.2217;2634.4792;1889.1921;1889.1921;2634.4792;4257.2217;6808.9326;10000.0
10000.0;6815.326;4266.511;2643.254;1896.645;1896.645;2643.254;4266.511;6815.326;10000.0
10000.0;6821.6846;4275.7666;2652.0205;1904.1111;1904.1111;2652.0205;4275.7666;6821.6846;10000.0
10000.0;6828.009;4284.9883;2660.7788;1911.5902;1911.5902;2660.7788;4284.9883;6828.009;10000.0
10000.0;6834.2983;4294.1763;2669.529;1919.0822;1919.0822;2669.529;4294.1763;6834.2983;10000.0
10000.0;6840.554;4303.331;2678.271;1926.5867;1926.5867;2678.271;4303.331;6840.554;10000.0
10000.0;6846.7764;4312.4526;2687.0046;1934.1035;1934.1035;2687.0046;4312.4526;6846.7764;10000.0
10000.0;6852.9653;4321.5415;2695.7302;1941.6326;1941.6326;2695.7302;4321.5415;6852.9653;10000.0
10000.0;6859.1216;4330.5977;2704.4473;1949.1736;1949.1736;2704.4473;4330.5977;6859.1216;10000.0
10000.0;6865.245;4339.6216;2713.156;1956.7263;1956.7263;2713.156;4339.6216;6865.245;10000.0
10000.0;6871.3364;4348.6133;2721.8564;1964.2906;1964.2906;2721.8564;4348.6133;6871.3364;10000.0
10000.0;6877.396;4357.5728;2730.5483;1971.8663;1971.8663;2730.5483;4357.5728;6877.396;10000.0
10000.0;6883.424;4366.501;2739.2317;1979.4531;1979.4531;2739.2317;4366.501;6883.424;10000.0
10000.0;6889.4204;4375.3975;2747.9065;1987.0509;1987.0509;2747.9065;4375.3975;6889.4204;10000.0
10000.0;6895.3857;4384.2627;2756.5728;1994.6594;1994.6594;2756.5728;4384.2627;6895.3857;10000.0
10000.0;6901.321;4393.097;2765.2305;2002.2786;2002.2786;2765.2305;4393.097;6901.321;10000.0
10000.0;6907.2256;4401.901;2773.8796;2009.9081;2009.9081;2773.8796;4401.901;6907.2256;10000.0
10000.0;6913.1;4410.674;2782.52;2017.5479;2017.5479;2782.52;4410.674;6913.1;10000.0
10000.0;6918.945;4419.4165;2791.1519;2025.1976;2025.1976;2791.1519;4419.4165;6918.945;10000.0
10000.0;6924.7603;4428.129;2799.775;2032.8572;2032.8572;2799.775;4428.129;6924.7603;10000.0
10000.0;6930.5464;4436.8115;2808.3892;2040.5264;2040.5264;2808.3892;4436.8115;6930.5464;10000.0
10000.0;6936.3037;4445.465;2816.9949;2048.205;2048.205;2816.9949;4445.465;6936.3037;10000.0
10000.0;6942.032;4454.0884;2825.5918;2055.893;2055.893;2825.5918;4454.0884;6942.032;10000.0
10000.0;6947.7324;4462.6826;2834.1797;2063.59;2063.59;2834.1797;4462.6826;6947.7324;10000.0
10000.0;6953.405;4471.248;2842.7588;2071.296;2071.296;2842.7588;4471.248;6953.405;10000.0
10000.0;6959.0493;4479.7847;2851.329;2079.0105;2079.0105;2851.329;4479.7847;6959.0493;10000.0
10000.0;6964.666;4488.293;2859.8904;2086.7336;2086.7336;2859.8904;4488.293;6964.666;10000.0
10000.0;6970.256;4496.7725;2868.4429;2094.4653;2094.4653;2868.4429;4496.7725;6970.256;10000.0
10000.0;6975.8184;4505.224;2876.9863;2102.205;2102.205;2876.9863;4505.224;6975.8184;10000.0
10000.0;6981.354;4513.6475;2885.521;2109.953;2109.953;2885.521;4513.6475;6981.354;10000.0
10000.0;6986.8633;4522.0435;2894.0466;2117.7085;2117.7085;2894.0466;4522.0435;6986.8633;10000.0
10000.0;6992.3467;4530.4116;2902.5632;2125.472;2125.472;2902.5632;4530.4116;6992.3467;10000.0
10000.0;6997.8037;4538.7524;2911.0708;2133.243;2133.243;2911.0708;4538.7524;6997.8037;10000.0
10000.0;7003.2354;4547.066;2919.5693;2141.0212;2141.0212;2919.5693;4547.066;7003.2354;10000.0
10000.0;7008.641;4555.3525;2928.0588;2148.8066;2148.8066;2928.0588;4555.3525;7008.641;10000.0
10000.0;7014.022;4563.6123;2936.5393;2156.599;2156.599;2936.5393;4563.6123;7014.022;10000.0
10000.0;7019.3774;4571.8457;2945.0107;2164.3984;2164.3984;2945.0107;4571.8457;7019.3774;10000.0
10000.0;7024.7085;4580.0527;2953.473;2172.2046;2172.2046;2953.473;4580.0527;7024.7085;10000.0
10000.0;7030.0146;4588.2334;2961.926;2180.0173;2180.0173;2961.926;4588.2334;7030.0146;10000.0
10000.0;7035.297;4596.388;2970.37;2187.8364;2187.8364;2970.37;4596.388;7035.297;10000.0
10000.0;7040.5547;4604.517;2978.805;2195.6619;2195.6619;2978.805;4604.517;7040.5547;10000.0
10000.0;7045.7886;4612.62;2987.2307;2203.4934;2203.4934;2987.2307;4612.62;7045.7886;10000.0
10000.0;7050.999;4620.6978;2995.6472;2211.3308;2211.3308;2995.6472;4620.6978;7050.999;10000.0
10000.0;7056.186;4628.7505;3004.0544;2219.174;2219.174;3004.0544;4628.7505;7056.186;10000.0
10000.0;7061.3496;4636.778;3012.4526;2227.023;2227.023;3012.4526;4636.778;7061.3496;10000.0
10000.0;7066.49;4644.7803;3020.8416;2234.8772;2234.8772;3020.8416;4644.7803;7066.49;10000.0
10000.0;7071.6084;4652.758;3029.2212;2242.7368;2242.7368;3029.2212;4652.758;7071.6084;10000.0
10000.0;7076.7036;4660.711;3037.5918;2250.6016;2250.6016;3037.5918;4660.711;7076.7036;10000.0
10000.0;7081.777;4668.6396;3045.9531;2258.4714;2258.4714;3045.9531;4668.6396;7081.777;10000.0
10000.0;7086.8276;4676.544;3054.3052;2266.3462;2266.3462;3054.3052;4676.544;7086.8276;10000.0
10000.0;7091.8564;4684.4243;3062.648;2274.2258;2274.2258;3062.648;4684.4243;7091.8564;10000.0
10000.0;7096.864;4692.281;3070.9814;2282.11;2282.11;3070.9814;4692.281;7096.864;10000.0
10000.0;7101.849;4700.114;3079.3057;2289.9988;2289.9988;3079.3057;4700.114;7101.849;10000.0
10000.0;7106.8135;4707.923;3087.6206;2297.8918;2297.8918;3087.6206;4707.923;7106.8135;10000.0
10000.0;7111.7563;4715.7085;3095.9263;2305.789;2305.789;3095.9263;4715.7085;7111.7563;10000.0
10000.0;7116.678;4723.471;3104.2227;2313.6904;2313.6904;3104.2227;4723.471;7116.678;10000.0
10000.0;7121.5796;4731.211;3112.5098;2321.5957;2321.5957;3112.5098;4731.211;7121.5796;10000.0
10000.0;7126.46;4738.9277;3120.7876;2329.505;2329.505;3120.7876;4738.9277;7126.46;10000.0
10000.0;7131.32;4746.6216;3129.0562;2337.4177;2337.4177;3129.0562;4746.6216;7131.32;10000.0
10000.0;7136.1597;4754.293;3137.3154;2345.3342;2345.3342;3137.3154;4754.293;7136.1597;10000.0
10000.0;7140.9795;4761.942;3145.5654;2353.2542;2353.2542;3145.5654;4761.942;7140.9795;10000.0
10000.0;7145.7793;4769.5684;3153.8062;2361.1772;2361.1772;3153.8062;4769.5684;7145.7793;10000.0
10000.0;7150.5596;4777.173;3162.0376;2369.1035;2369.1035;3162.0376;4777.173;7150.5596;10000.0
10000.0;7155.3203;4784.7554;3170.2595;2377.033;2377.033;3170.2595;4784.7554;7155.3203;10000.0
10000.0;7160.0615;4792.316;3178.4722;2384.9653;2384.9653;3178.4722;4792.316;7160.0615;10000.0
10000.0;7164.7837;4799.855;3186.6755;2392.9004;2392.9004;3186.6755;4799.855;7164.7837;10000.0
10000.0;7169.4863;4807.3726;3194.8696;2400.8381;2400.8381;3194.8696;4807.3726;7169.4863;10000.0
10000.0;7174.1704;4814.8687;3203.0544;2408.7786;2408.7786;3203.0544;4814.8687;7174.1704;10000.0
10000.0;7178.8354;4822.3438;3211.2297;2416.7214;2416.7214;3211.2297;4822.3438;7178.8354;10000.0
10000.0;7183.4824;4829.7974;3219.3958;2424.6665;2424.6665;3219.3958;4829.7974;7183.4824;10000.0
10000.0;7188.111;4837.23;3227.5525;2432.6138;2432.6138;3227.5525;4837.23;7188.111;10000.0
10000.0;7192.7207;4844.642;3235.7;2440.5632;2440.5632;3235.7;4844.642;7192.7207;10000.0
10000.0;7197.3125;4852.0337;3243.838;2448.5146;2448.5146;3243.838;4852.0337;7197.3125;10000.0
10000.0;7201.8867;4859.4043;3251.9666;2456.4678;2456.4678;3251.9666;4859.4043;7201.8867;10000.0
10000.0;7206.443;4866.755;3260.086;2464.4229;2464.4229;3260.086;4866.755;7206.443;10000.0
10000.0;7210.9814;4874.085;3268.196;2472.3794;2472.3794;3268.196;4874.085;7210.9814;10000.0
10000.0;7215.5024;4881.395;3276.2969;2480.3376;2480.3376;3276.2969;4881.395;7215.5024;10000.0
10000.0;7220.0063;4888.685;3284.3882;2488.297;2488.297;3284.3882;4888.685;7220.0063;10000.0
10000.0;7224.493;4895.955;3292.4702;2496.258;2496.258;3292.4702;4895.955;7224.493;10000.0
10000.0;7228.963;4903.2056;3300.543;2504.2202;2504.2202;3300.543;4903.2056;7228.963;10000.0
10000.0;7233.4155;4910.4365;3308.6064;2512.1833;2512.1833;3308.6064;4910.4365;7233.4155;10000.0
10000.0;7237.8516;4917.648;3316.6604;2520.1475;2520.1475;3316.6604;4917.648;7237.8516;10000.0
10000.0;7242.271;4924.8403;3324.705;2528.1125;2528.1125;3324.705;4924.8403;7242.271;10000.0
10000.0;7246.674;4932.013;3332.7405;2536.0784;2536.0784;3332.7405;4932.013;7246.674;10000.0
10000.0;7251.0605;4939.167;3340.7666;2544.045;2544.045;3340.7666;4939.167;7251.0605;10000.0
10000.0;7255.431;4946.302;3348.7834;2552.0122;2552.0122;3348.7834;4946.302;7255.431;10000.0
10000.0;7259.7856;4953.418;3356.791;2559.98;2559.98;3356.791;4953.418;7259.7856;10000.0
10000.0;7264.124;4960.515;3364.789;2567.948;2567.948;3364.789;4960.515;7264.124;10000.0
10000.0;7268.447;4967.5938;3372.7778;2575.9165;2575.9165;3372.7778;4967.5938;7268.447;10000.0
10000.0;7272.754;4974.6543;3380.7573;2583.885;2583.885;3380.7573;4974.6543;7272.754;10000.0
10000.0;7277.0454;4981.6963;3388.7275;2591.8538;2591.8538;3388.7275;4981.6963;7277.0454;10000.0
10000.0;7281.3213;4988.72;3396.6885;2599.8225;2599.8225;3396.6885;4988.72;7281.3213;10000.0
10000.0;7285.582;4995.726;3404.6401;2607.7913;2607.7913;3404.6401;4995.726;7285.582;10000.0
10000.0;7289.8276;5002.714;3412.5825;2615.7598;2615.7598;3412.5825;5002.714;7289.8276;10000.0
10000.0;7294.058;5009.6836;3420.5156;2623.728;2623.728;3420.5156;5009.6836;7294.058;10000.0
10000.0;7298.274;5016.6357;3428.4395;2631.6958;2631.6958;3428.4395;5016.6357;7298.274;10000.0
10000.0;7302.4746;5023.5703;3436.354;2639.6633;2639.6633;3436.354;5023.5703;7302.4746;10000.0
10000.0;7306.6606;5030.4873;3444.2593;2647.6301;2647.6301;3444.2593;5030.4873;7306.6606;10000.0
10000.0;7310.8325;5037.3867;3452.1553;2655.5964;2655.5964;3452.1553;5037.3867;7310.8325;10000.0
10000.0;7314.9897;5044.269;3460.042;2663.562;2663.562;3460.042;5044.269;7314.9897;10000.0
10000.0;7319.133;5051.134;3467.9194;2671.5269;2671.5269;3467.9194;5051.134;7319.133;10000.0
10000.0;7323.2617;5057.9814;3475.7876;2679.4907;2679.4907;3475.7876;5057.9814;7323.2617;10000.0
10000.0;7327.3765;5064.8125;3483.6465;2687.4536;2687.4536;3483.6465;5064.8125;7327.3765;10000.0
10000.0;7331.477;5071.6265;3491.496;2695.4155;2695.4155;3491.496;5071.6265;7331.477;10000.0
10000.0;7335.564;5078.424;3499.3367;2703.3762;2703.3762;3499.3367;5078.424;7335.564;10000.0
10000.0;7339.6367;5085.2046;3507.168;2711.336;2711.336;3507.168;5085.2046;7339.6367;10000.0
10000.0;7343.696;5091.9688;3514.99;2719.2942;2719.2942;3514.99;5091.9688;7343.696;10000.0
10000.0;7347.7417;5098.7163;3522.8027;2727.2512;2727.2512;3522.8027;5098.7163;7347.7417;10000.0
10000.0;7351.774;5105.4473;3530.6064;2735.2068;2735.2068;3530.6064;5105.4473;7351.774;10000.0
10000.0;7355.793;5112.162;3538.401;2743.161;2743.161;3538.401;5112.162;7355.793;10000.0
10000.0;7359.799;5118.861;3546.186;2751.1133;2751.1133;3546.186;5118.861;7359.799;10000.0
10000.0;7363.7915;5125.5435;3553.9622;2759.064;2759.064;3553.9622;5125.5435;7363.7915;10000.0
10000.0;7367.771;5132.21;3561.729;2767.013;2767.013;3561.729;5132.21;7367.771;10000.0
10000.0;7371.738;5138.861;3569.4866;2774.9602;2774.9602;3569.4866;5138.861;7371.738;10000.0
10000.0;7375.6914;5145.496;3577.235;2782.9055;2782.9055;3577.235;5145.496;7375.6914;10000.0
10000.0;7379.6323;5152.115;3584.9744;2790.8489;2790.8489;3584.9744;5152.115;7379.6323;10000.0
10000.0;7383.561;5158.719;3592.7046;2798.79;2798.79;3592.7046;5158.719;7383.561;10000.0
10000.0;7387.477;5165.3076;3600.4255;2806.7292;2806.7292;3600.4255;5165.3076;7387.477;10000.0
10000.0;7391.3804;5171.8804;3608.1375;2814.6663;2814.6663;3608.1375;5171.8804;7391.3804;10000.0
10000.0;7395.2715;5178.438;3615.84;2822.601;2822.601;3615.84;5178.438;7395.2715;10000.0
10000.0;7399.1504;5184.9805;3623.5337;2830.5334;2830.5334;3623.5337;5184.9805;7399.1504;10000.0
10000.0;7403.017;5191.508;3631.2183;2838.4634;2838.4634;3631.2183;5191.508;7403.017;10000.0
10000.0;7406.872;5198.02;3638.8936;2846.3909;2846.3909;3638.8936;5198.02;7406.872;10000.0
10000.0;7410.715;5204.517;3646.5598;2854.316;2854.316;3646.5598;5204.517;7410.715;10000.0
10000.0;7414.546;5210.9995;3654.217;2862.2383;2862.2383;3654.217;5210.9995;7414.546;10000.0
10000.0;7418.3647;5217.4673;3661.865;2870.158;2870.158;3661.865;5217.4673;7418.3647;10000.0
10000.0;7422.1724;5223.9204;3669.504;2878.075;2878.075;3669.504;5223.9204;7422.1724;10000.0
10000.0;7425.9683;5230.359;3677.1338;2885.9893;2885.9893;3677.1338;5230.359;7425.9683;10000.0
10000.0;7429.7524;5236.7827;3684.7546;2893.9006;2893.9006;3684.7546;5236.7827;7429.7524;10000.0
10000.0;7433.5254;5243.192;3692.3665;2901.809;2901.809;3692.3665;5243.192;7433.5254;10000.0
10000.0;7437.2866;5249.587;3699.9692;2909.7146;2909.7146;3699.9692;5249.587;7437.2866;10000.0
10000.0;7441.0366;5255.968;3707.563;2917.6172;2917.6172;3707.563;5255.968;7441.0366;10000.0
10000.0;7444.7754;5262.3345;3715.1475;2925.5166;2925.5166;3715.1475;5262.3345;7444.7754;10000.0
10000.0;7448.5034;5268.687;3722.7231;2933.4128;2933.4128;3722.7231;5268.687;7448.5034;10000.0
10000.0;7452.22;5275.0254;3730.2898;2941.306;2941.306;3730.2898;5275.0254;7452.22;10000.0
10000.0;7455.9263;5281.35;3737.8474;2949.1958;2949.1958;3737.8474;5281.35;7455.9263;10000.0
10000.0;7459.621;5287.6606;3745.396;2957.0823;2957.0823;3745.396;5287.6606;7459.621;10000.0
10000.0;7463.305;5293.9575;3752.9355;2964.9653;2964.9653;3752.9355;5293.9575;7463.305;10000.0
10000.0;7466.9785;5300.2407;3760.466;2972.845;2972.845;3760.466;5300.2407;7466.9785;10000.0
10000.0;7470.641;5306.5103;3767.9875;2980.7212;2980.7212;3767.9875;5306.5103;7470.641;10000.0
10000.0;7474.2935;5312.766;3775.5;2988.5938;2988.5938;3775.5;5312.766;7474.2935;10000.0
10000.0;7477.935;5319.009;3783.0037;2996.463;2996.463;3783.0037;5319.009;7477.935;10000.0
10000.0;7481.5664;5325.238;3790.4983;3004.3284;3004.3284;3790.4983;5325.238;7481.5664;10000.0
10000.0;7485.1875;5331.4536;3797.984;3012.1902;3012.1902;3797.984;5331.4536;7485.1875;10000.0
10000.0;7488.7983;5337.6563;3805.4607;3020.048;3020.048;3805.4607;5337.6563;7488.7983;10000.0
10000.0;7492.399;5343.8457;3812.9285;3027.9023;3027.9023;3812.9285;5343.8457;7492.399;10000.0
10000.0;7495.9893;5350.022;3820.3875;3035.7527;3035.7527;3820.3875;5350.022;7495.9893;10000.0
10000.0;7499.57;5356.185;3827.8374;3043.599;3043.599;3827.8374;5356.1855;7499.57;10000.0
10000.0;7503.14;5362.3354;3835.2786;3051.4414;3051.4414;3835.2786;5362.336;7503.14;10000.0
10000.0;7506.7007;5368.473;3842.7107;3059.2798;3059.2798;3842.7107;5368.4736;7506.7007;10000.0
10000.0;7510.2515;5374.5977;3850.134;3067.114;3067.114;3850.134;5374.598;7510.2515;10000.0
10000.0;7513.7925;5380.7095;3857.5486;3074.9443;3074.9443;3857.5486;5380.71;7513.7925;10000.0
10000.0;7517.3237;5386.8086;3864.954;3082.7703;3082.7703;3864.954;5386.809;7517.3237;10000.0
10000.0;7520.845;5392.895;3872.3508;3090.592;3090.592;3872.3508;5392.8955;7520.845;10000.0
10000.0;7524.3574;5398.969;3879.7388;3098.4097;3098.4097;3879.7388;5398.9697;7524.3574;10000.0
10000.0;7527.86;5405.031;3887.1177;3106.223;3106.223;3887.1177;5405.0313;7527.86;10000.0
10000.0;7531.353;5411.08;3894.4878;3114.0317;3114.0317;3894.4878;5411.0806;7531.353;10000.0
10000.0;7534.837;5417.1167;3901.849;3121.8362;3121.8362;3901.849;5417.117;7534.837;10000.0
10000.0;7538.3115;5423.141;3909.2017;3129.6362;3129.6362;3909.2017;5423.1416;7538.3115;10000.0
10000.0;7541.777;5429.1533;3916.5454;3137.432;3137.432;3916.5454;5429.154;7541.777;10000.0
10000.0;7545.233;5435.1533;3923.8804;3145.223;3145.223;3923.8804;5435.154;7545.233;10000.0
10000.0;7548.6797;5441.1416;3931.2065;3153.0095;3153.0095;3931.2065;5441.142;7548.6797;10000.0
10000.0;7552.1177;5447.1177;3938.524;3160.7915;3160.7915;3938.524;5447.118;7552.1177;10000.0
10000.0;7555.5464;5453.0815;3945.8325;3168.5688;3168.5688;3945.8325;5453.082;7555.5464;10000.0
10000.0;7558.9663;5459.0337;3953.1323;3176.3416;3176.3416;3953.1323;5459.034;7558.9663;10000.0
10000.0;7562.3774;5464.974;3960.4233;3184.1094;3184.1094;3960.4233;5464.9746;7562.3774;10000.0
10000.0;7565.78;5470.903;3967.7058;3191.8726;3191.8726;3967.7058;5470.9033;7565.78;10000.0
10000.0;7569.1733;5476.82;3974.9795;3199.6309;3199.6309;3974.9795;5476.8203;7569.1733;10000.0
10000.0;7572.558;5482.725;3982.2444;3207.3843;3207.3843;3982.2444;5482.7256;7572.558;10000.0
10000.0;7575.934;5488.6187;3989.5005;3215.1328;3215.1328;3989.5005;5488.619;7575.934;10000.0
10000.0;7579.302;5494.5005;3996.748;3222.8765;3222.8765;3996.748;5494.501;7579.302;10000.0
10000.0;7582.6606;5500.371;4003.9868;3230.6152;3230.6152;4003.9868;5500.3716;7582.6606;10000.0
10000.0;7586.011;5506.23;4011.217;3238.3489;3238.3489;4011.217;5506.2305;7586.011;10000.0
10000.0;7589.3535;5512.0776;4018.4385;3246.0776;3246.0776;4018.4385;5512.078;7589.3535;10000.0
10000.0;7592.687;5517.914;4025.6514;3253.8013;3253.8013;4025.6514;5517.9146;7592.687;10000.0
10000.0;7596.012;5523.7393;4032.8555;3261.5198;3261.5198;4032.8555;5523.7397;7596.012;10000.0
10000.0;7599.3296;5529.553;4040.051;3269.2332;3269.2332;4040.051;5529.5537;7599.3296;10000.0
10000.0;7602.6387;5535.356;4047.2378;3276.9414;3276.9414;4047.2378;5535.3564;7602.6387;10000.0
10000.0;7605.9395;5541.1475;4054.416;3284.6443;3284.6443;4054.416;5541.148;7605.9395;10000.0
10000.0;7609.232;5546.928;4061.5857;3292.342;3292.342;4061.5857;5546.9287;7609.232;10000.0
10000.0;7612.5166;5552.6978;4068.7466;3300.0344;3300.0344;4068.7466;5552.698;7612.5166;10000.0
10000.0;7615.7935;5558.4565;4075.899;3307.7214;3307.7214;4075.899;5558.457;7615.7935;10000.0
10000.0;7619.062;5564.204;4083.0427;3315.4033;3315.4033;4083.0427;5564.2046;7619.062;10000.0
10000.0;7622.3228;5569.941;4090.178;3323.0798;3323.0798;4090.178;5569.9414;7622.3228;10000.0
10000.0;7625.5757;5575.667;4097.3047;3330.7507;3330.7507;4097.3047;5575.6675;7625.5757;10000.0
10000.0;7628.821;5581.3823;4104.423;3338.4163;3338.4163;4104.423;5581.383;7628.821;10000.0
10000.0;7632.058;5587.087;4111.532;3346.0764;3346.0764;4111.532;5587.0874;7632.058;10000.0
10000.0;7635.2876;5592.7813;4118.6333;3353.731;3353.731;4118.6333;5592.7817;7635.2876;10000.0
10000.0;7638.51;5598.465;4125.7256;3361.38;3361.38;4125.7256;5598.4653;7638.51;10000.0
10000.0;7641.724;5604.1377;4132.8096;3369.0234;3369.0234;4132.8096;5604.138;7641.724;10000.0
10000.0;7644.931;5609.8003;4139.885;3376.6614;3376.6614;4139.885;5609.801;7644.931;10000.0
10000.0;7648.1304;5615.4526;4146.9517;3384.2937;3384.2937;4146.9517;5615.453;7648.1304;10000.0
10000.0;7651.3223;5621.094;4154.0103;3391.9202;3391.9202;4154.0103;5621.0947;7651.3223;10000.0
10000.0;7654.507;5626.7256;4161.06;3399.541;3399.541;4161.06;5626.726;7654.507;10000.0
10000.0;7657.684;5632.3467;4168.1016;3407.1563;3407.1563;4168.1016;5632.347;7657.684;10000.0
10000.0;7660.854;5637.9575;4175.135;3414.7656;3414.7656;4175.135;5637.958;7660.854;10000.0
10000.0;7664.0166;5643.558;4182.159;3422.3694;3422.3694;4182.159;5643.5586;7664.0166;10000.0
10000.0;7667.172;5649.149;4189.1753;3429.9673;3429.9673;4189.1753;5649.1494;7667.172;10000.0
10000.0;7670.32;5654.7295;4196.183;3437.5593;3437.5593;4196.183;5654.73;7670.32;10000.0
10000.0;7673.461;5660.3;4203.182;3445.1455;3445.1455;4203.182;5660.3003;7673.461;10000.0
10000.0;7676.5947;5665.8604;4210.173;3452.7258;3452.7258;4210.173;5665.861;7676.5947;10000.0
10000.0;7679.7217;5671.4106;4217.1553;3460.3003;3460.3003;4217.1553;5671.411;7679.7217;10000.0
10000.0;7682.8413;5676.951;4224.1294;3467.869;3467.869;4224.1294;5676.9517;7682.8413;10000.0
10000.0;7685.954;5682.482;4231.095;3475.4314;3475.4314;4231.095;5682.4824;7685.954;10000.0
10000.0;7689.06;5688.003;4238.0522;3482.988;3482.988;4238.0522;5688.0034;7689.06;10000.0
10000.0;7692.1587;5693.514;4245.001;3490.5386;3490.5386;4245.001;5693.5146;7692.1587;10000.0
10000.0;7695.2505;5699.0156;4251.9414;3498.0833;3498.0833;4251.9414;5699.016;7695.2505;10000.0
10000.0;7698.3354;5704.5073;4258.8735;3505.6218;3505.6218;4258.8735;5704.508;7698.3354;10000.0
10000.0;7701.4136;5709.9893;4265.7974;3513.1543;3513.1543;4265.7974;5709.9897;7701.414;10000.0
10000.0;7704.4854;5715.4614;4272.713;3520.6807;3520.6807;4272.713;5715.462;7704.486;10000.0
10000.0;7707.5503;5720.9243;4279.62;3528.201;3528.201;4279.62;5720.925;7707.551;10000.0
10000.0;7710.6084;5726.3774;4286.519;3535.715;3535.715;4286.519;5726.378;7710.609;10000.0
10000.0;7713.66;5731.8213;4293.4097;3543.2231;3543.2231;4293.4097;5731.822;7713.6606;10000.0
10000.0;7716.705;5737.2554;4300.292;3550.725;3550.725;4300.292;5737.256;7716.7056;10000.0
10000.0;7719.7437;5742.68;4307.166;3558.2207;3558.2207;4307.166;5742.6807;7719.744;10000.0
10000.0;7722.7754;5748.0957;4314.0317;3565.7102;3565.7102;4314.0317;5748.096;7722.776;10000.0
10000.0;7725.801;5753.502;4320.889;3573.1934;3573.1934;4320.889;5753.5024;7725.8013;10000.0
10000.0;7728.82;5758.899;4327.7383;3580.6704;3580.6704;4327.7383;5758.8994;7728.8203;10000.0
10000.0;7731.8325;5764.2866;4334.579;3588.141;3588.141;4334.579;5764.287;7731.833;10000.0
10000.0;7734.839;5769.665;4341.4116;3595.6055;3595.6055;4341.4116;5769.6655;7734.8394;10000.0
10000.0;7737.839;5775.034;4348.2363;3603.0635;3603.0635;4348.2363;5775.0347;7737.8394;10000.0
10000.0;7740.8325;5780.394;4355.0527;3610.5151;3610.5151;4355.0527;5780.3945;7740.833;10000.0
10000.0;7743.82;5785.745;4361.861;3617.9604;3617.9604;4361.861;5785.7456;7743.8203;10000.0
10000.0;7746.801;5791.087;4368.6606;3625.3994;3625.3994;4368.6606;5791.0874;7746.8013;10000.0
10000.0;7749.7754;5796.42;4375.452;3632.832;3632.832;4375.452;5796.4204;7749.776;10000.0
10000.0;7752.744;5801.7437;4382.236;3640.2583;3640.2583;4382.236;5801.744;7752.7446;10000.0
10000.0;7755.7065;5807.0586;4389.011;3647.678;3647.678;4389.011;5807.059;7755.707;10000.0
10000.0;7758.663;5812.3647;4395.7783;3655.0913;3655.0913;4395.7783;5812.365;7758.6636;10000.0
10000.0;7761.6133;5817.662;4402.537;3662.4983;3662.4983;4402.537;5817.662;7761.614;10000.0
10000.0;7764.5576;5822.95;4409.288;3669.8987;3669.8987;4409.288;5822.95;7764.558;10000.0
10000.0;7767.496;5828.2295;4416.031;3677.2925;3677.2925;4416.031;5828.2295;7767.4966;10000.0
10000.0;7770.4287;5833.5;4422.765;3684.68;3684.68;4422.765;5833.5;7770.4287;10000.0
10000.0;7773.355;5838.7617;4429.4917;3692.0608;3692.0608;4429.4917;5838.7617;7773.355;10000.0
10000.0;7776.2754;5844.015;4436.21;3699.435;3699.435;4436.21;5844.015;7776.2754;10000.0
10000.0;7779.19;5849.26;4442.9204;3706.8027;3706.8027;4442.9204;5849.26;7779.19;10000.0
10000.0;7782.0986;5854.4956;4449.6226;3714.1638;3714.1638;4449.6226;5854.4956;7782.0986;10000.0
10000.0;7785.0015;5859.723;4456.317;3721.5183;3721.5183;4456.317;5859.723;7785.0015;10000.0
10000.0;7787.8984;5864.942;4463.003;3728.8662;3728.8662;4463.003;5864.942;7787.8984;10000.0
10000.0;7790.79;5870.152;4469.681;3736.2075;3736.2075;4469.681;5870.152;7790.79;10000.0
10000.0;7793.676;5875.3535;4476.351;3743.5422;3743.5422;4476.351;5875.3535;7793.676;10000.0
10000.0;7796.5557;5880.547;4483.013;3750.8704;3750.8704;4483.013;5880.547;7796.5557;10000.0
10000.0;7799.43;5885.7314;4489.667;3758.192;3758.192;4489.667;5885.7314;7799.43;10000.0
10000.0;7802.299;5890.9077;4496.313;3765.5066;3765.5066;4496.313;5890.9077;7802.299;10000.0
10000.0;7805.162;5896.0757;4502.9507;3772.8147;3772.8147;4502.9507;5896.0757;7805.162;10000.0
10000.0;7808.0195;5901.2354;4509.5806;3780.116;3780.116;4509.5806;5901.2354;7808.0195;10000.0
10000.0;7810.8716;5906.3867;4516.2026;3787.4106;3787.4106;4516.2026;5906.3867;7810.8716;10000.0
10000.0;7813.718;5911.53;4522.8164;3794.6985;3794.6985;4522.8164;5911.53;7813.718;10000.0
10000.0;7816.5586;5916.6646;4529.4224;3801.9797;3801.9797;4529.4224;5916.6646;7816.5586;10000.0
10000.0;7819.394;5921.791;4536.0205;3809.2542;3809.2542;4536.0205;5921.791;7819.394;10000.0
10000.0;7822.224;5926.909;4542.6104;3816.5217;3816.5217;4542.6104;5926.909;7822.224;10000.0
10000.0;7825.049;5932.0195;4549.1924;3823.7827;3823.7827;4549.1924;5932.0195;7825.049;10000.0
10000.0;7827.868;5937.1216;4555.7666;3831.0369;3831.0369;4555.7666;5937.1216;7827.868;10000.0
10000.0;7830.682;5942.2153;4562.333;3838.2842;3838.2842;4562.333;5942.2153;7830.682;10000.0
10000.0;7833.4907;5947.3013;4568.891;3845.5247;3845.5247;4568.891;5947.3013;7833.4907;10000.0
10000.0;7836.294;5952.379;4575.4414;3852.7583;3852.7583;4575.4414;5952.379;7836.294;10000.0
10000.0;7839.092;5957.4487;4581.984;3859.985;3859.985;4581.984;5957.4487;7839.092;10000.0
10000.0;7841.8843;5962.5107;4588.5186;3867.205;3867.205;4588.5186;5962.5107;7841.8843;10000.0
10000.0;7844.672;5967.5645;4595.0454;3874.4182;3874.4182;4595.0454;5967.5645;7844.672;10000.0
10000.0;7847.454;5972.6104;4601.5645;3881.6245;3881.6245;4601.5645;5972.6104;7847.454;10000.0
10000.0;7850.231;5977.6484;4608.0757;3888.824;3888.824;4608.0757;5977.6484;7850.231;10000.0
10000.0;7853.003;5982.6787;4614.579;3896.0166;3896.0166;4614.579;5982.6787;7853.003;10000.0
10000.0;7855.7695;5987.701;4621.0747;3903.2021;3903.2021;4621.0747;5987.701;7855.7695;10000.0
10000.0;7858.5313;5992.716;4627.562;3910.3809;3910.3809;4627.562;5992.716;7858.5313;10000.0
10000.0;7861.2876;5997.7227;4634.0415;3917.5527;3917.5527;4634.0415;5997.7227;7861.2876;10000.0
10000.0;7864.039;6002.7217;4640.5137;3924.7175;3924.7175;4640.5137;6002.7217;7864.039;10000.0
10000.0;7866.7856;6007.713;4646.978;3931.8755;3931.8755;4646.978;6007.713;7866.7856;10000.0
10000.0;7869.527;6012.6963;4653.4346;3939.0266;3939.0266;4653.4346;6012.6963;7869.527;10000.0
10000.0;7872.263;6017.672;4659.8833;3946.1707;3946.1707;4659.8833;6017.672;7872.263;10000.0
10000.0;7874.9946;6022.64;4666.324;3953.3079;3953.3079;4666.324;6022.64;7874.9946;10000.0
10000.0;7877.721;6027.6006;4672.7573;3960.438;3960.438;4672.7573;6027.6006;7877.721;10000.0
10000.0;7880.443;6032.553;4679.1826;3967.5613;3967.5613;4679.1826;6032.553;7880.443;10000.0
10000.0;7883.1597;6037.4985;4685.6;3974.6775;3974.6775;4685.6;6037.4985;7883.1597;10000.0
10000.0;7885.8716;6042.436;4692.01;3981.7866;3981.7866;4692.01;6042.436;7885.8716;10000.0
10000.0;7888.5786;6047.366;4698.4116;3988.889;3988.889;4698.4116;6047.366;7888.5786;10000.0
10000.0;7891.281;6052.2886;4704.806;3995.9841;3995.9841;4704.806;6052.2886;7891.281;10000.0
10000.0;7893.978;6057.2036;4711.193;4003.0723;4003.0723;4711.193;6057.2036;7893.978;10000.0
10000.0;7896.6704;6062.1113;4717.572;4010.1536;4010.1536;4717.572;6062.1113;7896.6704;10000.0
10000.0;7899.358;6067.0117;4723.943;4017.2278;4017.2278;4723.943;6067.0117;7899.358;10000.0
10000.0;7902.041;6071.9043;4730.3066;4024.295;4024.295;4730.3066;6071.9043;7902.041;10000.0
10000.0;7904.719;6076.7896;4736.6626;4031.355;4031.355;4736.6626;6076.7896;7904.719;10000.0
10000.0;7907.3926;6081.6675;4743.0107;4038.408;4038.408;4743.0107;6081.6675;7907.3926;10000.0
10000.0;7910.0615;6086.538;4749.351;4045.454;4045.454;4749.351;6086.538;7910.0615;10000.0
10000.0;7912.7256;6091.4014;4755.684;4052.4932;4052.4932;4755.684;6091.4014;7912.7256;10000.0
10000.0;7915.3853;6096.2573;4762.0093;4059.5251;4059.5251;4762.0093;6096.2573;7915.3853;10000.0
10000.0;7918.04;6101.106;4768.327;4066.55;4066.55;4768.327;6101.106;7918.04;10000.0
10000.0;7920.6904;6105.9473;4774.637;4073.5679;4073.5679;4774.637;6105.9473;7920.6904;10000.0
10000.0;7923.336;6110.7817;4780.9395;4080.5786;4080.5786;4780.9395;6110.7817;7923.336;10000.0
10000.0;7925.977;6115.609;4787.2344;4087.5823;4087.5823;4787.2344;6115.609;7925.977;10000.0
10000.0;7928.614;6120.4287;4793.5215;4094.5789;4094.5789;4793.5215;6120.4287;7928.614;10000.0
10000.0;7931.2456;6125.2417;4799.8013;4101.5684;4101.5684;4799.8013;6125.2417;7931.2456;10000.0
10000.0;7933.873;6130.0474;4806.073;4108.551;4108.551;4806.073;6130.0474;7933.873;10000.0
10000.0;7936.496;6134.8457;4812.338;4115.526;4115.526;4812.338;6134.8457;7936.496;10000.0
10000.0;7939.1147;6139.637;4818.5947;4122.494;4122.494;4818.5947;6139.637;7939.1147;10000.0
10000.0;7941.729;6144.4214;4824.844;4129.455;4129.455;4824.844;6144.4214;7941.729;10000.0
10000.0;7944.339;6149.1987;4831.086;4136.409;4136.409;4831.086;6149.1987;7944.339;10000.0
10000.0;7946.944;6153.969;4837.3203;4143.356;4143.356;4837.3203;6153.969;7946.944;10000.0
10000.0;7949.5444;6158.7324;4843.5474;4150.2954;4150.2954;4843.5474;6158.7324;7949.5444;10000.0
10000.0;7952.1406;6163.489;4849.7666;4157.228;4157.228;4849.7666;6163.489;7952.1406;10000.0
10000.0;7954.733;6168.2383;4855.9785;4164.1533;4164.1533;4855.9785;6168.2383;7954.733;10000.0
10000.0;7957.321;6172.9805;4862.1826;4171.072;4171.072;4862.1826;6172.9805;7957.321;10000.0
10000.0;7959.9043;6177.716;4868.3794;4177.983;4177.983;4868.3794;6177.716;7959.9043;10000.0
10000.0;7962.4834;6182.4443;4874.569;4184.8867;4184.8867;4874.569;6182.4443;7962.4834;10000.0
10000.0;7965.058;6187.166;4880.751;4191.7837;4191.7837;4880.751;6187.166;7965.058;10000.0
10000.0;7967.6284;6191.881;4886.9253;4198.6733;4198.6733;4886.9253;6191.881;7967.6284;10000.0
10000.0;7970.195;6196.589;4893.0923;4205.5557;4205.5557;4893.0923;6196.589;7970.195;10000.0
10000.0;7972.757;6201.29;4899.252;4212.431;4212.431;4899.252;6201.29;7972.757;10000.0
10000.0;7975.3145;6205.9844;4905.4043;4219.2993;4219.2993;4905.4043;6205.9844;7975.3145;10000.0
10000.0;7977.868;6210.672;4911.549;4226.16;4226.16;4911.549;6210.672;7977.868;10000.0
10000.0;7980.4175;6215.3525;4917.686;4233.014;4233.014;4917.686;6215.3525;7980.4175;10000.0
10000.0;7982.963;6220.0264;4923.816;4239.861;4239.861;4923.816;6220.0264;7982.963;10000.0
10000.0;7985.504;6224.694;4929.9385;4246.7;4246.7;4929.9385;6224.694;7985.504;10000.0
10000.0;7988.0405;6229.3545;4936.0537;4253.5327;4253.5327;4936.0537;6229.3545;7988.0405;10000.0
10000.0;7990.573;6234.0083;4942.1616;4260.358;4260.358;4942.1616;6234.0083;7990.573;10000.0
10000.0;7993.102;6238.6553;4948.262;4267.176;4267.176;4948.262;6238.6553;7993.102;10000.0
10000.0;7995.6265;6243.296;4954.3555;4273.987;4273.987;4954.3555;6243.296;7995.6265;10000.0
10000.0;7998.147;6247.9297;4960.4414;4280.7905;4280.7905;4960.4414;6247.9297;7998.147;10000.0
10000.0;8000.663;6252.557;4966.52;4287.587;4287.587;4966.52;6252.557;8000.663;10000.0
10000.0;8003.1753;6257.1777;4972.591;4294.3765;4294.3765;4972.591;6257.1777;8003.1753;10000.0
10000.0;8005.6836;6261.792;4978.655;4301.1587;4301.1587;4978.655;6261.792;8005.6836;10000.0
10000.0;8008.188;6266.3994;4984.7114;4307.9336;4307.9336;4984.7114;6266.3994;8008.188;10000.0
10000.0;8010.688;6271.0005;4990.7607;4314.701;4314.701;4990.7607;6271.0005;8010.688;10000.0
10000.0;8013.184;6275.5947;4996.8027;4321.462;4321.462;4996.8027;6275.5947;8013.184;10000.0
10000.0;8015.6763;6280.1826;5002.8374;4328.2153;4328.2153;5002.8374;6280.1826;8015.6763;10000.0
10000.0;8018.1646;6284.764;5008.8647;4334.9614;4334.9614;5008.8647;6284.764;8018.1646;10000.0
10000.0;8020.649;6289.3394;5014.885;4341.7007;4341.7007;5014.885;6289.3394;8020.649;10000.0
10000.0;8023.1294;6293.9077;5020.8975;4348.4326;4348.4326;5020.8975;6293.9077;8023.1294;10000.0
10000.0;8025.606;6298.4697;5026.903;4355.157;4355.157;5026.903;6298.4697;8025.606;10000.0
10000.0;8028.0786;6303.0254;5032.901;4361.8745;4361.8745;5032.901;6303.0254;8028.0786;10000.0
10000.0;8030.5474;6307.5747;5038.892;4368.585;4368.585;5038.892;6307.5747;8030.5474;10000.0
10000.0;8033.012;6312.1177;5044.876;4375.288;4375.288;5044.876;6312.1177;8033.012;10000.0
10000.0;8035.473;6316.6543;5050.8525;4381.984;4381.984;5050.8525;6316.6543;8035.473;10000.0
10000.0;8037.93;6321.1846;5056.822;4388.6724;4388.6724;5056.822;6321.1846;8037.93;10000.0
10000.0;8040.3833;6325.7085;5062.7837;4395.354;4395.354;5062.7837;6325.7085;8040.3833;10000.0
10000.0;8042.8325;6330.226;5068.739;4402.0283;4402.0283;5068.739;6330.226;8042.8325;10000.0
10000.0;8045.2783;6334.7373;5074.6865;4408.6953;4408.6953;5074.6865;6334.7373;8045.2783;10000.0
10000.0;8047.72;6339.242;5080.627;4415.3555;4415.3555;5080.627;6339.242;8047.72;10000.0
10000.0;8050.158;6343.7407;5086.5605;4422.0083;4422.0083;5086.5605;6343.7407;8050.158;10000.0
10000.0;8052.5923;6348.233;5092.487;4428.654;4428.654;5092.487;6348.233;8052.5923;10000.0
10000.0;8055.023;6352.719;5098.406;4435.292;4435.292;5098.406;6352.719;8055.023;10000.0
10000.0;8057.4497;6357.199;5104.318;4441.9233;4441.9233;5104.318;6357.199;8057.4497;10000.0
10000.0;8059.8726;6361.673;5110.2227;4448.5474;4448.5474;5110.2227;6361.673;8059.8726;10000.0
10000.0;8062.292;6366.14;5116.1206;4455.164;4455.164;5116.1206;6366.14;8062.292;10000.0
10000.0;8064.7075;6370.6016;5122.011;4461.7734;4461.7734;5122.011;6370.6016;8064.7075;10000.0
10000.0;8067.119;6375.0566;5127.8945;4468.376;4468.376;5127.8945;6375.0566;8067.119;10000.0
10000.0;8069.5273;6379.506;5133.771;4474.971;4474.971;5133.771;6379.506;8069.5273;10000.0
10000.0;8071.9316;6383.9487;5139.64;4481.559;4481.559;5139.64;6383.9487;8071.9316;10000.0
10000.0;8074.3325;6388.3853;5145.5024;4488.1396;4488.1396;5145.5024;6388.3853;8074.3325;10000.0
10000.0;8076.7295;6392.816;5151.3574;4494.7134;4494.7134;5151.3574;6392.816;8076.7295;10000.0
10000.0;8079.123;6397.24;5157.2056;4501.28;4501.28;5157.2056;6397.24;8079.123;10000.0
10000.0;8081.513;6401.6587;5163.047;4507.839;4507.839;5163.047;6401.6587;8081.513;10000.0
10000.0;8083.8994;6406.0713;5168.881;4514.391;4514.391;5168.881;6406.0713;8083.8994;10000.0
10000.0;8086.282;6410.4775;5174.708;4520.936;4520.936;5174.708;6410.4775;8086.282;10000.0
10000.0;8088.661;6414.878;5180.528;4527.4736;4527.4736;5180.528;6414.878;8088.661;10000.0
10000.0;8091.0366;6419.2725;5186.341;4534.0044;4534.0044;5186.341;6419.2725;8091.0366;10000.0
10000.0;8093.4087;6423.6606;5192.147;4540.528;4540.528;5192.147;6423.6606;8093.4087;10000.0
10000.0;8095.7773;6428.043;5197.946;4547.044;4547.044;5197.946;6428.043;8095.7773;10000.0
10000.0;8098.142;6432.4194;5203.738;4553.5527;4553.5527;5203.738;6432.4194;8098.142;10000.0
10000.0;8100.5034;6436.79;5209.523;4560.0547;4560.0547;5209.523;6436.79;8100.5034;10000.0
10000.0;8102.8613;6441.1543;5215.301;4566.5493;4566.5493;5215.301;6441.1543;8102.8613;10000.0
10000.0;8105.216;6445.5127;5221.072;4573.0366;4573.0366;5221.072;6445.5127;8105.216;10000.0
10000.0;8107.5664;6449.865;5226.836;4579.517;4579.517;5226.836;6449.865;8107.5664;10000.0
10000.0;8109.9136;6454.212;5232.5933;4585.99;4585.99;5232.5933;6454.212;8109.9136;10000.0
10000.0;8112.2573;6458.5527;5238.3433;4592.456;4592.456;5238.3433;6458.5527;8112.2573;10000.0
10000.0;8114.5977;6462.8877;5244.0864;4598.915;4598.915;5244.0864;6462.8877;8114.5977;10000.0
10000.0;8116.9346;6467.217;5249.8228;4605.3667;4605.3667;5249.8228;6467.217;8116.9346;10000.0
10000.0;8119.268;6471.54;5255.5522;4611.811;4611.811;5255.5522;6471.54;8119.268;10000.0
10000.0;8121.598;6475.8574;5261.275;4618.2485;4618.2485;5261.275;6475.8574;8121.598;10000.0
10000.0;8123.925;6480.169;5266.99;4624.6787;4624.6787;5266.99;6480.169;8123.925;10000.0
10000.0;8126.248;6484.4746;5272.6987;4631.102;4631.102;5272.6987;6484.4746;8126.248;10000.0
10000.0;8128.568;6488.7744;5278.4004;4637.518;4637.518;5278.4004;6488.7744;8128.568;10000.0
10000.0;8130.8843;6493.069;5284.095;4643.927;4643.927;5284.095;6493.069;8130.8843;10000.0
10000.0;8133.1973;6497.3574;5289.783;4650.3286;4650.3286;5289.783;6497.3574;8133.1973;10000.0
10000.0;8135.507;6501.64;5295.4644;4656.723;4656.723;5295.4644;6501.64;8135.507;10000.0
10000.0;8137.813;6505.917;5301.1387;4663.1104;4663.1104;5301.1387;6505.917;8137.813;10000.0
10000.0;8140.1157;6510.188;5306.806;4669.4907;4669.4907;5306.806;6510.188;8140.1157;10000.0
10000.0;8142.4155;6514.4536;5312.467;4675.864;4675.864;5312.467;6514.4536;8142.4155;10000.0
10000.0;8144.712;6518.7134;5318.1206;4682.23;4682.23;5318.1206;6518.7134;8144.712;10000.0
10000.0;8147.005;6522.9673;5323.7676;4688.589;4688.589;5323.7676;6522.9673;8147.005;10000.0
10000.0;8149.2944;6527.216;5329.4077;4694.9404;4694.9404;5329.4077;6527.216;8149.2944;10000.0
10000.0;8151.5806;6531.4585;5335.041;4701.285;4701.285;5335.041;6531.4585;8151.5806;10000.0
10000.0;8153.864;6535.6953;5340.6675;4707.6226;4707.6226;5340.6675;6535.6953;8153.864;10000.0
10000.0;8156.1436;6539.927;5346.287;4713.953;4713.953;5346.287;6539.927;8156.1436;10000.0
10000.0;8158.42;6544.1523;5351.9004;4720.2764;4720.2764;5351.9004;6544.1523;8158.42;10000.0
10000.0;8160.693;6548.3726;5357.507;4726.593;4726.593;5357.507;6548.3726;8160.693;10000.0
10000.0;8162.963;6552.587;5363.1064;4732.902;4732.902;5363.1064;6552.587;8162.963;10000.0
10000.0;8165.2295;6556.796;5368.699;4739.204;4739.204;5368.699;6556.796;8165.2295;10000.0
10000.0;8167.4927;6560.999;5374.285;4745.499;4745.499;5374.285;6560.999;8167.4927;10000.0
10000.0;8169.753;6565.197;5379.8643;4751.787;4751.787;5379.8643;6565.197;8169.753;10000.0
10000.0;8172.01;6569.389;5385.437;4758.068;4758.068;5385.437;6569.389;8172.01;10000.0
10000.0;8174.2637;6573.5757;5391.003;4764.342;4764.342;5391.003;6573.5757;8174.2637;10000.0
10000.0;8176.514;6577.757;5396.562;4770.6084;4770.6084;5396.562;6577.757;8176.514;10000.0
10000.0;8178.761;6581.9326;5402.1143;4776.868;4776.868;5402.1143;6581.9326;8178.761;10000.0
10000.0;8181.0054;6586.1025;5407.66;4783.1206;4783.1206;5407.66;6586.1025;8181.0054;10000.0
10000.0;8183.246;6590.267;5413.199;4789.366;4789.366;5413.199;6590.267;8183.246;10000.0
10000.0;8185.484;6594.4263;5418.7314;4795.6045;4795.6045;5418.7314;6594.4263;8185.484;10000.0
10000.0;8187.7183;6598.58;5424.2573;4801.836;4801.836;5424.2573;6598.58;8187.7183;10000.0
10000.0;8189.9497;6602.728;5429.7764;4808.06;4808.06;5429.7764;6602.728;8189.9497;10000.0
10000.0;8192.178;6606.8706;5435.2886;4814.2773;4814.2773;5435.2886;6606.8706;8192.178;10000.0
10000.0;8194.403;6611.008;5440.7944;4820.4873;4820.4873;5440.7944;6611.008;8194.403;10000.0
10000.0;8196.625;6615.1396;5446.2935;4826.6904;4826.6904;5446.2935;6615.1396;8196.625;10000.0
10000.0;8198.844;6619.266;5451.786;4832.886;4832.886;5451.786;6619.266;8198.844;10000.0
10000.0;8201.06;6623.387;5457.272;4839.075;4839.075;5457.272;6623.387;8201.06;10000.0
10000.0;8203.272;6627.503;5462.751;4845.2573;4845.2573;5462.751;6627.503;8203.272;10000.0
10000.0;8205.482;6631.6133;5468.2236;4851.432;4851.432;5468.2236;6631.6133;8205.482;10000.0
10000.0;8207.688;6635.7183;5473.6895;4857.6;4857.6;5473.6895;6635.7183;8207.688;10000.0
10000.0;8209.892;6639.818;5479.149;4863.761;4863.761;5479.149;6639.818;8209.892;10000.0
10000.0;8212.092;6643.912;5484.6016;4869.915;4869.915;5484.6016;6643.912;8212.092;10000.0
10000.0;8214.289;6648.001;5490.048;4876.062;4876.062;5490.048;6648.001;8214.289;10000.0
10000.0;8216.483;6652.0845;5495.4873;4882.2017;4882.2017;5495.4873;6652.0845;8216.483;10000.0
10000.0;8218.675;6656.1626;5500.9204;4888.3345;4888.3345;5500.9204;6656.1626;8218.675;10000.0
10000.0;8220.863;6660.2354;5506.347;4894.4604;4894.4604;5506.347;6660.2354;8220.863;10000.0
10000.0;8223.049;6664.3027;5511.767;4900.579;4900.579;5511.767;6664.3027;8223.049;10000.0
10000.0;8225.23;6668.3647;5517.1807;4906.691;4906.691;5517.1807;6668.3647;8225.23;10000.0
10000.0;8227.409;6672.4214;5522.5874;4912.796;4912.796;5522.5874;6672.4214;8227.409;10000.0
10000.0;8229.585;6676.473;5527.988;4918.894;4918.894;5527.988;6676.473;8229.585;10000.0
10000.0;8231.758;6680.5195;5533.382;4924.985;4924.985;5533.382;6680.5195;8231.758;10000.0
10000.0;8233.928;6684.5605;5538.769;4931.069;4931.069;5538.769;6684.5605;8233.928;10000.0
10000.0;8236.095;6688.596;5544.15;4937.146;4937.146;5544.15;6688.596;8236.095;10000.0
10000.0;8238.259;6692.627;5549.5244;4943.216;4943.216;5549.5244;6692.627;8238.259;10000.0
10000.0;8240.42;6696.6523;5554.8926;4949.279;4949.279;5554.8926;6696.6523;8240.42;10000.0
10000.0;8242.578;6700.6724;5560.254;4955.335;4955.335;5560.254;6700.6724;8242.578;10000.0
10000.0;8244.733;6704.687;5565.609;4961.3843;4961.3843;5565.609;6704.687;8244.733;10000.0
10000.0;8246.886;6708.697;5570.9575;4967.427;4967.427;5570.9575;6708.697;8246.886;10000.0
10000.0;8249.035;6712.701;5576.3;4973.462;4973.462;5576.3;6712.701;8249.035;10000.0
10000.0;8251.182;6716.7007;5581.6353;4979.49;4979.49;5581.6353;6716.7007;8251.182;10000.0
10000.0;8253.325;6720.695;5586.9644;4985.5117;4985.5117;5586.9644;6720.695;8253.325;10000.0
10000.0;8255.466;6724.6836;5592.287;4991.5264;4991.5264;5592.287;6724.6836;8255.466;10000.0
10000.0;8257.604;6728.6675;5597.6035;4997.534;4997.534;5597.6035;6728.6675;8257.604;10000.0
10000.0;8259.738;6732.646;5602.9136;5003.5347;5003.5347;5602.9136;6732.646;8259.738;10000.0
10000.0;8261.87;6736.6196;5608.2173;5009.5283;5009.5283;5608.2173;6736.6196;8261.87;10000.0
10000.0;8263.999;6740.588;5613.5146;5015.515;5015.515;5613.5146;6740.588;8263.999;10000.0
10000.0;8266.125;6744.5513;5618.805;5021.495;5021.495;5618.805;6744.5513;8266.125;10000.0
10000.0;8268.248;6748.51;5624.0894;5027.4683;5027.4683;5624.0894;6748.51;8268.248;10000.0
10000.0;8270.368;6752.463;5629.367;5033.4346;5033.4346;5629.367;6752.463;8270.368;10000.0
10000.0;8272.485;6756.411;5634.6387;5039.394;5039.394;5634.6387;6756.411;8272.485;10000.0
10000.0;8274.6;6760.354;5639.904;5045.3467;5045.3467;5639.904;6760.354;8274.6;10000.0
10000.0;8276.711;6764.292;5645.1626;5051.2925;5051.2925;5645.1626;6764.292;8276.711;10000.0
10000.0;8278.819;6768.225;5650.415;5057.231;5057.231;5650.415;6768.225;8278.819;10000.0
10000.0;8280.925;6772.153;5655.661;5063.1626;5063.1626;5655.661;6772.153;8280.925;10000.0
10000.0;8283.028;6776.0757;5660.901;5069.0874;5069.0874;5660.901;6776.0757;8283.027;10000.0
10000.0;8285.129;6779.9937;5666.1343;5075.0054;5075.0054;5666.1343;6779.9937;8285.128;10000.0
10000.0;8287.227;6783.9063;5671.362;5080.9165;5080.9165;5671.362;6783.9063;8287.226;10000.0
10000.0;8289.321;6787.814;5676.583;5086.821;5086.821;5676.583;6787.814;8289.32;10000.0
10000.0;8291.413;6791.717;5681.798;5092.7183;5092.7183;5681.798;6791.717;8291.412;10000.0
10000.0;8293.502;6795.6147;5687.0063;5098.609;5098.609;5687.0063;6795.6147;8293.501;10000.0
10000.0;8295.588;6799.5073;5692.2085;5104.4927;5104.4927;5692.2085;6799.5073;8295.587;10000.0
10000.0;8297.671;6803.395;5697.4043;5110.3696;5110.3696;5697.4043;6803.395;8297.67;10000.0
10000.0;8299.751;6807.278;5702.5938;5116.2397;5116.2397;5702.5938;6807.278;8299.75;10000.0
10000.0;8301.829;6811.156;5707.777;5122.1035;5122.1035;5707.777;6811.156;8301.828;10000.0
10000.0;8303.904;6815.029;5712.954;5127.9604;5127.9604;5712.954;6815.029;8303.903;10000.0
10000.0;8305.977;6818.897;5718.125;5133.8105;5133.8105;5718.125;6818.897;8305.976;10000.0
10000.0;8308.046;6822.7603;5723.2896;5139.654;5139.654;5723.2896;6822.7603;8308.045;10000.0
10000.0;8310.112;6826.618;5728.4478;5145.49;5145.49;5728.4478;6826.618;8310.111;10000.0
10000.0;8312.176;6830.471;5733.6;5151.32;5151.32;5733.6;6830.471;8312.175;10000.0
10000.0;8314.237;6834.3193;5738.746;5157.1426;5157.1426;5738.746;6834.3193;8314.236;10000.0
10000.0;8316.296;6838.1626;5743.8857;5162.9585;5162.9585;5743.8857;6838.1626;8316.295;10000.0
10000.0;8318.352;6842.001;5749.019;5168.7676;5168.7676;5749.019;6842.001;8318.351;10000.0
10000.0;8320.404;6845.8345;5754.1465;5174.5703;5174.5703;5754.1465;6845.8345;8320.403;10000.0
10000.0;8322.454;6849.663;5759.2676;5180.366;5180.366;5759.2676;6849.663;8322.453;10000.0
10000.0;8324.502;6853.487;5764.3823;5186.1553;5186.1553;5764.3823;6853.487;8324.501;10000.0
10000.0;8326.547;6857.306;5769.491;5191.9375;5191.9375;5769.491;6857.306;8326.546;10000.0
10000.0;8328.589;6861.1206;5774.5938;5197.713;5197.713;5774.5938;6861.1206;8328.588;10000.0
10000.0;8330.628;6864.93;5779.6904;5203.482;5203.482;5779.6904;6864.93;8330.627;10000.0
10000.0;8332.665;6868.735;5784.781;5209.244;5209.244;5784.781;6868.735;8332.664;10000.0
10000.0;8334.699;6872.5347;5789.8647;5214.9995;5214.9995;5789.8647;6872.5347;8334.698;10000.0
10000.0;8336.73;6876.3296;5794.943;5220.748;5220.748;5794.943;6876.3296;8336.7295;10000.0
10000.0;8338.759;6880.1196;5800.0146;5226.49;5226.49;5800.0146;6880.1196;8338.758;10000.0
10000.0;8340.785;6883.905;5805.0806;5232.2256;5232.2256;5805.0806;6883.905;8340.784;10000.0
10000.0;8342.809;6887.6855;5810.14;5237.954;5237.954;5810.14;6887.6855;8342.808;10000.0
10000.0;8344.829;6891.4614;5815.194;5243.676;5243.676;5815.194;6891.4614;8344.828;10000.0
10000.0;8346.847;6895.2324;5820.241;5249.391;5249.391;5820.241;6895.2324;8346.846;10000.0
10000.0;8348.862;6898.9985;5825.2827;5255.0996;5255.0996;5825.2827;6898.9985;8348.861;10000.0
10000.0;8350.875;6902.7603;5830.318;5260.8013;5260.8013;5830.318;6902.76;8350.874;10000.0
10000.0;8352.885;6906.517;5835.347;5266.4966;5266.4966;5835.347;6906.5166;8352.884;10000.0
10000.0;8354.893;6910.269;5840.37;5272.185;5272.185;5840.37;6910.2686;8354.892;10000.0
10000.0;8356.897;6914.016;5845.387;5277.8667;5277.8667;5845.387;6914.0156;8356.896;10000.0
10000.0;8358.899;6917.759;5850.3984;5283.542;5283.542;5850.3984;6917.7583;8358.898;10000.0
10000.0;8360.899;6921.4966;5855.4033;5289.2104;5289.2104;5855.4033;6921.496;8360.898;10000.0
10000.0;8362.896;6925.2295;5860.4023;5294.8726;5294.8726;5860.4023;6925.229;8362.8955;10000.0
10000.0;8364.891;6928.958;5865.3955;5300.528;5300.528;5865.3955;6928.9575;8364.89;10000.0
10000.0;8366.883;6932.6816;5870.3823;5306.1763;5306.1763;5870.3823;6932.681;8366.882;10000.0
10000.0;8368.872;6936.401;5875.3633;5311.8184;5311.8184;5875.3633;6936.4004;8368.871;10000.0
10000.0;8370.858;6940.115;5880.3384;5317.4536;5317.4536;5880.3384;6940.1147;8370.857;10000.0
10000.0;8372.843;6943.8247;5885.307;5323.0825;5323.0825;5885.307;6943.824;8372.842;10000.0
10000.0;8374.824;6947.53;5890.27;5328.7046;5328.7046;5890.27;6947.5293;8374.823;10000.0
10000.0;8376.803;6951.23;5895.227;5334.3203;5334.3203;5895.227;6951.2295;8376.802;10000.0
10000.0;8378.779;6954.926;5900.178;5339.929;5339.929;5900.178;6954.9253;8378.778;10000.0
10000.0;8380.753;6958.6167;5905.123;5345.5317;5345.5317;5905.123;6958.616;8380.752;10000.0
10000.0;8382.724;6962.303;5910.062;5351.1274;5351.1274;5910.062;6962.3027;8382.723;10000.0
10000.0;8384.692;6965.985;5914.995;5356.717;5356.717;5914.995;6965.9844;8384.691;10000.0
10000.0;8386.658;6969.662;5919.9224;5362.3;5362.3;5919.9224;6969.6616;8386.657;10000.0
10000.0;8388.622;6973.3345;5924.8438;5367.876;5367.876;5924.8438;6973.334;8388.621;10000.0
10000.0;8390.583;6977.0024;5929.759;5373.446;5373.446;5929.759;6977.002;8390.582;10000.0
10000.0;8392.541;6980.666;5934.668;5379.009;5379.009;5934.668;6980.6655;8392.54;10000.0
10000.0;8394.497;6984.3247;5939.5713;5384.5654;5384.5654;5939.5713;6984.324;8394.496;10000.0
10000.0;8396.45;6987.979;5944.4688;5390.1157;5390.1157;5944.4688;6987.9785;8396.449;10000.0
10000.0;8398.401;6991.6284;5949.3604;5395.659;5395.659;5949.3604;6991.628;8398.4;10000.0
10000.0;8400.35;6995.2734;5954.246;5401.1963;5401.1963;5954.246;6995.273;8400.349;10000.0
10000.0;8402.295;6998.914;5959.126;5406.7266;5406.7266;5959.126;6998.9136;8402.294;10000.0
10000.0;8404.238;7002.55;5964.0;5412.2505;5412.2505;5964.0;7002.5493;8404.237;10000.0
10000.0;8406.179;7006.181;5968.868;5417.768;5417.768;5968.868;7006.1807;8406.178;10000.0
10000.0;8408.117;7009.808;5973.7305;5423.2793;5423.2793;5973.7305;7009.8076;8408.116;10000.0
10000.0;8410.053;7013.4307;5978.587;5428.7837;5428.7837;5978.587;7013.4297;8410.052;10000.0
10000.0;8411.986;7017.0483;5983.4375;5434.2817;5434.2817;5983.4375;7017.0474;8411.985;10000.0
10000.0;8413.917;7020.6616;5988.282;5439.7734;5439.7734;5988.282;7020.6606;8413.916;10000.0
10000.0;8415.846;7024.2705;5993.121;5445.2583;5445.2583;5993.121;7024.2695;8415.845;10000.0
10000.0;8417.771;7027.875;5997.954;5450.737;5450.737;5997.954;7027.874;8417.7705;10000.0
10000.0;8419.694;7031.4746;6002.7813;5456.209;5456.209;6002.7813;7031.4736;8419.693;10000.0
10000.0;8421.615;7035.07;6007.6025;5461.675;5461.675;6007.6025;7035.069;8421.614;10000.0
10000.0;8423.533;7038.6606;6012.418;5467.1343;5467.1343;6012.418;7038.6597;8423.532;10000.0
10000.0;8425.449;7042.247;6017.2275;5472.587;5472.587;6017.2275;7042.246;8425.448;10000.0
10000.0;8427.362;7045.829;6022.0313;5478.033;5478.033;6022.0313;7045.828;8427.361;10000.0
10000.0;8429.273;7049.4063;6026.829;5483.473;5483.473;6026.829;7049.4053;8429.272;10000.0
10000.0;8431.182;7052.979;6031.621;5488.9067;5488.9067;6031.621;7052.978;8431.181;10000.0
10000.0;8433.088;7056.5474;6036.4077;5494.334;5494.334;6036.4077;7056.5464;8433.087;10000.0
10000.0;8434.991;7060.1113;6041.1885;5499.755;5499.755;6041.1885;7060.1104;8434.99;10000.0
10000.0;8436.893;7063.671;6045.9634;5505.1694;5505.1694;6045.9634;7063.67;8436.892;10000.0
10000.0;8438.791;7067.226;6050.7324;5510.577;5510.577;6050.7324;7067.225;8438.79;10000.0
10000.0;8440.6875;7070.777;6055.4956;5515.9785;5515.9785;6055.4956;7070.776;8440.687;10000.0
10000.0;8442.581;7074.323;6060.2534;5521.3735;5521.3735;6060.2534;7074.3223;8442.58;10000.0
10000.0;8444.473;7077.865;6065.0054;5526.762;5526.762;6065.0054;7077.8643;8444.472;10000.0
10000.0;8446.362;7081.403;6069.7515;5532.1445;5532.1445;6069.7515;7081.402;8446.361;10000.0
10000.0;8448.249;7084.936;6074.4917;5537.5205;5537.5205;6074.4917;7084.935;8448.248;10000.0
10000.0;8450.134;7088.465;6079.2266;5542.89;5542.89;6079.2266;7088.464;8450.133;10000.0
10000.0;8452.016;7091.9893;6083.9556;5548.2534;5548.2534;6083.9556;7091.9883;8452.015;10000.0
10000.0;8453.8955;7095.5093;6088.6787;5553.6104;5553.6104;6088.6787;7095.5083;8453.895;10000.0
10000.0;8455.772;7099.025;6093.3965;5558.961;5558.961;6093.3965;7099.024;8455.771;10000.0
10000.0;8457.647;7102.536;6098.1084;5564.305;5564.305;6098.1084;7102.535;8457.646;10000.0
10000.0;8459.52;7106.043;6102.8145;5569.643;5569.643;6102.8145;7106.042;8459.519;10000.0
10000.0;8461.39;7109.5454;6107.515;5574.9746;5574.9746;6107.515;7109.5444;8461.389;10000.0
10000.0;8463.257;7113.0435;6112.21;5580.3;5580.3;6112.21;7113.0425;8463.256;10000.0
10000.0;8465.122;7116.537;6116.8994;5585.619;5585.619;6116.8994;7116.536;8465.121;10000.0
10000.0;8466.985;7120.0264;6121.583;5590.932;5590.932;6121.583;7120.0254;8466.984;10000.0
10000.0;8468.846;7123.5117;6126.2607;5596.239;5596.239;6126.2607;7123.5107;8468.845;10000.0
10000.0;8470.704;7126.9927;6130.933;5601.539;5601.539;6130.933;7126.9917;8470.703;10000.0
10000.0;8472.56;7130.469;6135.5996;5606.833;5606.833;6135.5996;7130.4683;8472.559;10000.0
10000.0;8474.413;7133.9414;6140.2607;5612.1206;5612.1206;6140.2607;7133.9404;8474.412;10000.0
10000.0;8476.265;7137.409;6144.916;5617.402;5617.402;6144.916;7137.408;8476.264;10000.0
10000.0;8478.113;7140.873;6149.566;5622.677;5622.677;6149.566;7140.872;8478.112;10000.0
10000.0;8479.96;7144.3325;6154.21;5627.946;5627.946;6154.21;7144.3315;8479.959;10000.0
10000.0;8481.804;7147.7876;6158.8486;5633.2085;5633.2085;6158.8486;7147.7866;8481.803;10000.0
10000.0;8483.6455;7151.2383;6163.4814;5638.465;5638.465;6163.4814;7151.2373;8483.645;10000.0
10000.0;8485.485;7154.6846;6168.109;5643.715;5643.715;6168.109;7154.6836;8485.484;10000.0
10000.0;8487.322;7158.127;6172.7305;5648.959;5648.959;6172.7305;7158.126;8487.321;10000.0
10000.0;8489.157;7161.565;6177.3467;5654.197;5654.197;6177.3467;7161.564;8489.156;10000.0
10000.0;8490.989;7164.9985;6181.9575;5659.428;5659.428;6181.9575;7164.9976;8490.988;10000.0
10000.0;8492.819;7168.428;6186.5625;5664.6533;5664.6533;6186.5625;7168.4272;8492.818;10000.0
10000.0;8494.647;7171.8535;6191.162;5669.8726;5669.8726;6191.162;7171.8525;8494.646;10000.0
10000.0;8496.473;7175.2744;6195.7563;5675.0854;5675.0854;6195.7563;7175.2734;8496.472;10000.0
10000.0;8498.296;7178.6914;6200.3447;5680.292;5680.292;6200.3447;7178.6904;8498.295;10000.0
10000.0;8500.117;7182.104;6204.9277;5685.4927;5685.4927;6204.9277;7182.103;8500.116;10000.0
10000.0;8501.936;7185.512;6209.5054;5690.687;5690.687;6209.5054;7185.511;8501.935;10000.0
10000.0;8503.752;7188.9165;6214.077;5695.875;5695.875;6214.077;7188.9155;8503.751;10000.0
10000.0;8505.566;7192.3164;6218.6436;5701.057;5701.057;6218.6436;7192.3154;8505.565;10000.0
10000.0;8507.378;7195.7124;6223.2046;5706.233;5706.233;6223.2046;7195.7114;8507.377;10000.0
10000.0;8509.1875;7199.104;6227.76;5711.403;5711.403;6227.76;7199.103;8509.187;10000.0
10000.0;8510.995;7202.491;6232.3096;5716.5664;5716.5664;6232.3096;7202.49;8510.994;10000.0
10000.0;8512.8;7205.8745;6236.854;5721.7236;5721.7236;6236.854;7205.8735;8512.799;10000.0
10000.0;8514.603;7209.2534;6241.393;5726.875;5726.875;6241.393;7209.2524;8514.602;10000.0
10000.0;8516.403;7212.6284;6245.9263;5732.02;5732.02;6245.9263;7212.6274;8516.402;10000.0
10000.0;8518.201;7215.999;6250.454;5737.159;5737.159;6250.454;7215.998;8518.2;10000.0
10000.0;8519.997;7219.3657;6254.9766;5742.292;5742.292;6254.9766;7219.3647;8519.996;10000.0
10000.0;8521.791;7222.728;6259.4937;5747.419;5747.419;6259.4937;7222.727;8521.79;10000.0
10000.0;8523.582;7226.0864;6264.0054;5752.5396;5752.5396;6264.0054;7226.0854;8523.581;10000.0
10000.0;8525.371;7229.4404;6268.5117;5757.6543;5757.6543;6268.5117;7229.4395;8525.37;10000.0
10000.0;8527.158;7232.7905;6273.012;5762.7627;5762.7627;6273.012;7232.7896;8527.157;10000.0
10000.0;8528.943;7236.136;6277.5073;5767.865;5767.865;6277.5073;7236.1353;8528.942;10000.0
10000.0;8530.726;7239.478;6281.997;5772.9614;5772.9614;6281.997;7239.477;8530.725;10000.0
10000.0;8532.506;7242.816;6286.4814;5778.052;5778.052;6286.4814;7242.815;8532.505;10000.0
10000.0;8534.284;7246.1494;6290.9604;5783.136;5783.136;6290.9604;7246.1484;8534.283;10000.0
10000.0;8536.06;7249.479;6295.434;5788.2144;5788.2144;6295.434;7249.478;8536.059;10000.0
10000.0;8537.833;7252.804;6299.9023;5793.2866;5793.2866;6299.9023;7252.803;8537.832;10000.0
10000.0;8539.6045;7256.1255;6304.365;5798.3525;5798.3525;6304.365;7256.1245;8539.604;10000.0
10000.0;8541.374;7259.443;6308.8228;5803.4126;5803.4126;6308.8228;7259.442;8541.373;10000.0
10000.0;8543.141;7262.756;6313.275;5808.467;5808.467;6313.275;7262.755;8543.14;10000.0
10000.0;8544.905;7266.065;6317.7217;5813.5146;5813.5146;6317.7217;7266.064;8544.904;10000.0
10000.0;8546.668;7269.37;6322.163;5818.5566;5818.5566;6322.163;7269.369;8546.667;10000.0
10000.0;8548.429;7272.671;6326.599;5823.593;5823.593;6326.599;7272.67;8548.428;10000.0
10000.0;8550.187;7275.968;6331.03;5828.623;5828.623;6331.03;7275.967;8550.186;10000.0
10000.0;8551.942;7279.2607;6335.455;5833.647;5833.647;6335.455;7279.26;8551.941;10000.0
10000.0;8553.696;7282.5493;6339.875;5838.665;5838.665;6339.875;7282.5483;8553.695;10000.0
10000.0;8555.448;7285.834;6344.2896;5843.6772;5843.6772;6344.2896;7285.833;8555.447;10000.0
10000.0;8557.197;7289.1147;6348.6987;5848.6836;5848.6836;6348.6987;7289.114;8557.196;10000.0
10000.0;8558.944;7292.3916;6353.1025;5853.6836;5853.6836;6353.1025;7292.3906;8558.943;10000.0
10000.0;8560.689;7295.664;6357.5015;5858.6777;5858.6777;6357.5015;7295.663;8560.688;10000.0
10000.0;8562.433;7298.9326;6361.895;5863.666;5863.666;6361.895;7298.9316;8562.432;10000.0
10000.0;8564.173;7302.1973;6366.283;5868.6484;5868.6484;6366.283;7302.1963;8564.172;10000.0
10000.0;8565.911;7305.458;6370.666;5873.625;5873.625;6370.666;7305.457;8565.91;10000.0
10000.0;8567.647;7308.715;6375.0435;5878.595;5878.595;6375.0435;7308.714;8567.646;10000.0
10000.0;8569.382;7311.9673;6379.4155;5883.5596;5883.5596;6379.4155;7311.9663;8569.381;10000.0
10000.0;8571.114;7315.216;6383.7827;5888.518;5888.518;6383.7827;7315.215;8571.113;10000.0
10000.0;8572.844;7318.4604;6388.1445;5893.4707;5893.4707;6388.1445;7318.4595;8572.843;10000.0
10000.0;8574.571;7321.701;6392.501;5898.4175;5898.4175;6392.501;7321.7;8574.57;10000.0
10000.0;8576.297;7324.938;6396.852;5903.3584;5903.3584;6396.852;7324.937;8576.296;10000.0
10000.0;8578.0205;7328.171;6401.1978;5908.2935;5908.2935;6401.1978;7328.17;8578.02;10000.0
10000.0;8579.742;7331.4;6405.5386;5913.2227;5913.2227;6405.5386;7331.399;8579.741;10000.0
10000.0;8581.461;7334.6245;6409.874;5918.146;5918.146;6409.874;7334.6235;8581.46;10000.0
10000.0;8583.178;7337.845;6414.204;5923.0635;5923.0635;6414.204;7337.844;8583.177;10000.0
10000.0;8584.893;7341.062;6418.5293;5927.975;5927.975;6418.5293;7341.061;8584.892;10000.0
10000.0;8586.605;7344.275;6422.849;5932.881;5932.881;6422.849;7344.274;8586.6045;10000.0
10000.0;8588.316;7347.484;6427.1636;5937.781;5937.781;6427.1636;7347.483;8588.315;10000.0
10000.0;8590.025;7350.689;6431.473;5942.675;5942.675;6431.473;7350.688;8590.024;10000.0
10000.0;8591.731;7353.89;6435.7773;5947.563;5947.563;6435.7773;7353.889;8591.73;10000.0
10000.0;8593.436;7357.0874;6440.076;5952.4453;5952.4453;6440.076;7357.0864;8593.435;10000.0
10000.0;8595.138;7360.281;6444.37;5957.322;5957.322;6444.37;7360.28;8595.137;10000.0
10000.0;8596.838;7363.47;6448.6587;5962.1924;5962.1924;6448.6587;7363.469;8596.837;10000.0
10000.0;8598.536;7366.656;6452.9424;5967.057;5967.057;6452.942;7366.655;8598.535;10000.0
10000.0;8600.232;7369.8374;6457.2207;5971.916;5971.916;6457.22;7369.8364;8600.231;10000.0
10000.0;8601.926;7373.015;6461.4937;5976.769;5976.769;6461.493;7373.014;8601.925;10000.0
10000.0;8603.617;7376.189;6465.7617;5981.616;5981.616;6465.761;7376.188;8603.616;10000.0
10000.0;8605.307;7379.359;6470.0244;5986.4575;5986.4575;6470.024;7379.358;8605.306;10000.0
10000.0;8606.994;7382.525;6474.282;5991.293;5991.293;6474.2817;7382.524;8606.993;10000.0
10000.0;8608.68;7385.687;6478.5347;5996.123;5996.123;6478.534;7385.686;8608.679;10000.0
10000.0;8610.363;7388.845;6482.782;6000.9473;6000.9473;6482.7817;7388.844;8610.362;10000.0
10000.0;8612.045;7392.0;6487.0244;6005.7656;6005.7656;6487.024;7391.999;8612.044;10000.0
10000.0;8613.724;7395.151;6491.2617;6010.578;6010.578;6491.261;7395.15;8613.723;10000.0
10000.0;8615.4;7398.298;6495.4937;6015.385;6015.385;6495.493;7398.297;8615.399;10000.0
10000.0;8617.075;7401.441;6499.7207;6020.186;6020.186;6499.72;7401.44;8617.074;10000.0
10000.0;8618.748;7404.58;6503.9424;6024.9814;6024.9814;6503.942;7404.579;8618.747;10000.0
10000.0;8620.419;7407.7153;6508.159;6029.771;6029.771;6508.1587;7407.7144;8620.418;10000.0
10000.0;8622.088;7410.8467;6512.371;6034.5547;6034.5547;6512.3706;7410.8457;8622.087;10000.0
10000.0;8623.755;7413.974;6516.5776;6039.333;6039.333;6516.577;7413.973;8623.754;10000.0
10000.0;8625.42;7417.098;6520.7793;6044.1055;6044.1055;6520.779;7417.097;8625.419;10000.0
10000.0;8627.082;7420.2183;6524.9756;6048.872;6048.872;6524.975;7420.2173;8627.082;10000.0
10000.0;8628.742;7423.3345;6529.167;6053.6333;6053.6333;6529.1665;7423.3335;8628.742;10000.0
10000.0;8630.4;7426.447;6533.3535;6058.3887;6058.3887;6533.353;7426.446;8630.4;10000.0
10000.0;8632.057;7429.555;6537.5347;6063.138;6063.138;6537.534;7429.554;8632.057;10000.0
10000.0;8633.711;7432.66;6541.711;6067.8823;6067.8823;6541.7104;7432.659;8633.711;10000.0
10000.0;8635.363;7435.761;6545.8823;6072.6206;6072.6206;6545.882;7435.7603;8635.363;10000.0
10000.0;8637.014;7438.8584;6550.0483;6077.353;6077.353;6550.048;7438.8574;8637.014;10000.0
10000.0;8638.662;7441.9517;6554.2095;6082.08;6082.08;6554.209;7441.9507;8638.662;10000.0
10000.0;8640.309;7445.0415;6558.3657;6086.8013;6086.8013;6558.365;7445.0405;8640.309;10000.0
10000.0;8641.953;7448.1274;6562.5166;6091.517;6091.517;6562.516;7448.1265;8641.953;10000.0
10000.0;8643.596;7451.2095;6566.6626;6096.227;6096.227;6566.662;7451.2085;8643.596;10000.0
10000.0;8645.236;7454.288;6570.8037;6100.9316;6100.9316;6570.803;7454.287;8645.236;10000.0
10000.0;8646.874;7457.363;6574.94;6105.6304;6105.6304;6574.9395;7457.362;8646.874;10000.0
10000.0;8648.51;7460.4336;6579.0713;6110.323;6110.323;6579.071;7460.4326;8648.51;10000.0
10000.0;8650.144;7463.501;6583.1973;6115.0107;6115.0107;6583.197;7463.5;8650.144;10000.0
10000.0;8651.775;7466.5645;6587.3184;6119.6924;6119.6924;6587.318;7466.5635;8651.775;10000.0
10000.0;8653.405;7469.624;6591.4346;6124.3687;6124.3687;6591.434;7469.623;8653.405;10000.0
10000.0;8655.033;7472.68;6595.546;6129.0396;6129.039;6595.5454;7472.679;8655.033;10000.0
10000.0;8656.659;7475.7324;6599.6523;6133.7046;6133.704;6599.652;7475.7314;8656.659;10000.0
10000.0;8658.283;7478.781;6603.754;6138.3643;6138.364;6603.753;7478.78;8658.283;10000.0
10000.0;8659.905;7481.8257;6607.85;6143.018;6143.0176;6607.849;7481.8247;8659.905;10000.0
10000.0;8661.525;7484.8667;6611.9414;6147.6665;6147.666;6611.9404;7484.8657;8661.525;10000.0
10000.0;8663.144;7487.904;6616.028;6152.309;6152.3086;6616.027;7487.903;8663.144;10000.0
10000.0;8664.76;7490.9375;6620.1094;6156.9463;6156.946;6620.1084;7490.9365;8664.76;10000.0
10000.0;8666.374;7493.9673;6624.186;6161.578;6161.5776;6624.185;7493.9663;8666.374;10000.0
10000.0;8667.986;7496.9937;6628.258;6166.204;6166.2036;6628.257;7496.9927;8667.986;10000.0
10000.0;8669.597;7500.016;6632.3247;6170.8247;6170.824;6632.3237;7500.015;8669.597;10000.0
10000.0;8671.205;7503.035;6636.3867;6175.44;6175.4395;6636.3857;7503.034;8671.205;10000.0
10000.0;8672.812;7506.0503;6640.444;6180.0493;6180.049;6640.443;7506.0493;8672.812;10000.0
10000.0;8674.416;7509.062;6644.496;6184.6533;6184.653;6644.495;7509.061;8674.416;10000.0
10000.0;8676.019;7512.07;6648.5435;6189.252;6189.2515;6648.5425;7512.069;8676.019;10000.0
10000.0;8677.619;7515.074;6652.586;6193.8447;6193.844;6652.585;7515.073;8677.619;10000.0
10000.0;8679.218;7518.0747;6656.6235;6198.432;6198.4316;6656.6226;7518.0737;8679.218;10000.0
10000.0;8680.814;7521.072;6660.6563;6203.014;6203.0137;6660.6553;7521.071;8680.814;10000.0
10000.0;8682.409;7524.065;6664.684;6207.591;6207.5903;6664.683;7524.064;8682.409;10000.0
10000.0;8684.002;7527.0547;6668.707;6212.1616;6212.161;6668.706;7527.0537;8684.002;10000.0
10000.0;8685.593;7530.0405;6672.725;6216.727;6216.7266;6672.724;7530.0396;8685.593;10000.0
10000.0;8687.182;7533.023;6676.7383;6221.287;6221.2866;6676.7373;7533.022;8687.182;10000.0
10000.0;8688.769;7536.0015;6680.7466;6225.842;6225.8413;6680.7456;7536.0005;8688.769;10000.0
10000.0;8690.354;7538.9766;6684.75;6230.3906;6230.39;6684.749;7538.9756;8690.354;10000.0
10000.0;8691.937;7541.948;6688.7485;6234.934;6234.9336;6688.7476;7541.9473;8691.937;10000.0
10000.0;8693.518;7544.916;6692.742;6239.472;6239.4717;6692.741;7544.915;8693.518;10000.0
10000.0;8695.097;7547.8804;6696.7314;6244.005;6244.0044;6696.7305;7547.8794;8695.097;10000.0
10000.0;8696.674;7550.841;6700.716;6248.532;6248.5317;6700.715;7550.84;8696.674;10000.0
10000.0;8698.249;7553.798;6704.6953;6253.054;6253.0537;6704.6943;7553.797;8698.249;10000.0
10000.0;8699.822;7556.7515;6708.67;6257.571;6257.5703;6708.669;7556.7505;8699.822;10000.0
10000.0;8701.394;7559.701;6712.6396;6262.082;6262.0815;6712.6387;7559.7;8701.394;10000.0
10000.0;8702.963;7562.6475;6716.6045;6266.5874;6266.587;6716.6035;7562.6465;8702.963;10000.0
10000.0;8704.53;7565.5903;6720.565;6271.0874;6271.087;6720.564;7565.5894;8704.53;10000.0
10000.0;8706.096;7568.5293;6724.5205;6275.582;6275.5815;6724.5195;7568.5283;8706.096;10000.0
10000.0;8707.659;7571.465;6728.471;6280.0713;6280.071;6728.47;7571.464;8707.659;10000.0
10000.0;8709.221;7574.397;6732.417;6284.555;6284.5547;6732.416;7574.396;8709.221;10000.0
10000.0;8710.78;7577.325;6736.3584;6289.0337;6289.033;6736.3574;7577.324;8710.78;10000.0
10000.0;8712.338;7580.25;6740.295;6293.507;6293.5063;6740.294;7580.249;8712.338;10000.0
10000.0;8713.894;7583.1714;6744.2266;6297.9746;6297.974;6744.2256;7583.1704;8713.894;10000.0
10000.0;8715.447;7586.0894;6748.1533;6302.437;6302.4365;6748.1523;7586.0884;8715.447;10000.0
10000.0;8716.999;7589.0034;6752.0757;6306.894;6306.8936;6752.0747;7589.0024;8716.999;10000.0
10000.0;8718.549;7591.914;6755.993;6311.3457;6311.345;6755.992;7591.913;8718.549;10000.0
10000.0;8720.097;7594.8213;6759.906;6315.792;6315.7915;6759.905;7594.8203;8720.097;10000.0
10000.0;8721.643;7597.725;6763.814;6320.233;6320.2324;6763.813;7597.724;8721.643;10000.0
10000.0;8723.187;7600.625;6767.7173;6324.669;6324.6685;6767.7163;7600.624;8723.187;10000.0
10000.0;8724.7295;7603.5215;6771.6157;6329.0996;6329.099;6771.6147;7603.5205;8724.7295;10000.0
10000.0;8726.2705;7606.4146;6775.51;6333.525;6333.5244;6775.509;7606.4136;8726.2705;10000.0
10000.0;8727.81;7609.304;6779.399;6337.945;6337.9443;6779.398;7609.303;8727.81;10000.0
10000.0;8729.347;7612.1904;6783.283;6342.3594;6342.359;6783.282;7612.1895;8729.347;10000.0
10000.0;8730.882;7615.0728;6787.163;6346.7686;6346.768;6787.162;7615.072;8730.882;10000.0
10000.0;8732.415;7617.9517;6791.038;6351.1724;6351.172;6791.037;7617.9507;8732.415;10000.0
10000.0;8733.946;7620.827;6794.9087;6355.571;6355.5703;6794.9077;7620.826;8733.946;10000.0
10000.0;8735.476;7623.699;6798.7744;6359.9644;6359.964;6798.7734;7623.698;8735.476;10000.0
10000.0;8737.003;7626.568;6802.6357;6364.3525;6364.352;6802.635;7626.567;8737.003;10000.0
10000.0;8738.528;7629.433;6806.492;6368.7354;6368.735;6806.491;7629.432;8738.528;10000.0
10000.0;8740.052;7632.2944;6810.344;6373.113;6373.1123;6810.3433;7632.2935;8740.052;10000.0
10000.0;8741.573;7635.1523;6814.1914;6377.485;6377.4844;6814.1904;7635.1514;8741.573;10000.0
10000.0;8743.094;7638.007;6818.034;6381.852;6381.8516;6818.033;7638.006;8743.094;10000.0
10000.0;8744.612;7640.858;6821.872;6386.214;6386.2134;6821.871;7640.857;8744.612;10000.0
10000.0;8746.129;7643.7056;6825.7056;6390.5703;6390.57;6825.7046;7643.7046;8746.129;10000.0
10000.0;8747.644;7646.55;6829.534;6394.922;6394.9214;6829.533;7646.549;8747.644;10000.0
10000.0;8749.156;7649.3906;6833.3584;6399.268;6399.2676;6833.3574;7649.3896;8749.156;10000.0
10000.0;8750.667;7652.228;6837.1777;6403.609;6403.6084;6837.177;7652.227;8750.667;10000.0
10000.0;8752.176;7655.062;6840.9927;6407.9443;6407.944;6840.9917;7655.061;8752.176;10000.0
10000.0;8753.683;7657.8926;6844.8027;6412.275;6412.2744;6844.802;7657.8916;8753.683;10000.0
10000.0;8755.1875;7660.7197;6848.6084;6416.6;6416.5996;6848.6074;7660.7188;8755.1875;10000.0
10000.0;8756.691;7663.5435;6852.4097;6420.9204;6420.92;6852.4087;7663.5425;8756.691;10000.0
10000.0;8758.193;7666.364;6856.206;6425.2354;6425.235;6856.205;7666.363;8758.193;10000.0
10000.0;8759.693;7669.1807;6859.998;6429.545;6429.5444;6859.997;7669.1797;8759.693;10000.0
10000.0;8761.191;7671.994;6863.785;6433.8496;6433.849;6863.784;7671.993;8761.191;10000.0
10000.0;8762.6875;7674.804;6867.568;6438.149;6438.1484;6867.567;7674.803;8762.6875;10000.0
10000.0;8764.182;7677.611;6871.346;6442.443;6442.4424;6871.345;7677.61;8764.182;10000.0
10000.0;8765.674;7680.414;6875.1196;6446.732;6446.7314;6875.1187;7680.413;8765.674;10000.0
10000.0;8767.164;7683.214;6878.8887;6451.0156;6451.015;6878.8877;7683.213;8767.164;10000.0
10000.0;8768.653;7686.0103;6882.6533;6455.2944;6455.294;6882.6523;7686.0093;8768.653;10000.0
10000.0;8770.141;7688.803;6886.413;6459.568;6459.5674;6886.412;7688.8022;8770.141;10000.0
10000.0;8771.626;7691.593;6890.1685;6463.8364;6463.836;6890.1675;7691.592;8771.626;10000.0
10000.0;8773.109;7694.379;6893.9194;6468.0996;6468.099;6893.9185;7694.378;8773.109;10000.0
10000.0;8774.591;7697.1616;6897.666;6472.358;6472.3574;6897.665;7697.1606;8774.591;10000.0
10000.0;8776.07;7699.941;6901.4077;6476.611;6476.6104;6901.4067;7699.94;8776.07;10000.0
10000.0;8777.548;7702.717;6905.145;6480.859;6480.8584;6905.144;7702.716;8777.548;10000.0
10000.0;8779.024;7705.4893;6908.878;6485.1016;6485.101;6908.877;7705.4883;8779.024;10000.0
10000.0;8780.499;7708.2583;6912.6064;6489.3394;6489.339;6912.6055;7708.2573;8780.499;10000.0
10000.0;8781.972;7711.0244;6916.33;6493.5723;6493.572;6916.329;7711.0234;8781.972;10000.0
10000.0;8783.442;7713.787;6920.0493;6497.8;6497.7993;6920.0483;7713.786;8783.442;10000.0
10000.0;8784.911;7716.5464;6923.764;6502.0225;6502.022;6923.763;7716.5454;8784.911;10000.0
10000.0;8786.378;7719.3022;6927.4746;6506.2397;6506.2393;6927.4736;7719.3013;8786.378;10000.0
10000.0;8787.844;7722.0547;6931.1807;6510.452;6510.4517;6931.1797;7722.0537;8787.844;10000.0
10000.0;8789.308;7724.8037;6934.8823;6514.6597;6514.659;6934.8813;7724.8027;8789.308;10000.0
10000.0;8790.77;7727.5493;6938.579;6518.862;6518.8613;6938.578;7727.5483;8790.77;10000.0
10000.0;8792.2295;7730.292;6942.2715;6523.059;6523.0586;6942.2705;7730.291;8792.2295;10000.0
10000.0;8793.6875;7733.0313;6945.9595;6527.251;6527.2505;6945.9585;7733.0303;8793.6875;10000.0
10000.0;8795.145;7735.767;6949.643;6531.438;6531.4375;6949.642;7735.766;8795.145;10000.0
10000.0;8796.6;7738.4995;6953.3223;6535.62;6535.6196;6953.3213;7738.4985;8796.6;10000.0
10000.0;8798.053;7741.2285;6956.997;6539.7974;6539.797;6956.996;7741.2275;8798.053;10000.0
10000.0;8799.504;7743.9546;6960.6675;6543.969;6543.9688;6960.6665;7743.9536;8799.504;10000.0
10000.0;8800.953;7746.6772;6964.3335;6548.136;6548.1357;6964.3325;7746.6763;8800.953;10000.0
10000.0;8802.4;7749.3965;6967.995;6552.2983;6552.298;6967.994;7749.3955;8802.4;10000.0
10000.0;8803.847;7752.1123;6971.6523;6556.455;6556.4546;6971.6514;7752.1113;8803.847;10000.0
10000.0;8805.291;7754.825;6975.305;6560.607;6560.6064;6975.304;7754.824;8805.291;10000.0
10000.0;8806.733;7757.5347;6978.9536;6564.754;6564.7534;6978.9526;7757.5337;8806.733;10000.0
10000.0;8808.174;7760.2407;6982.5977;6568.896;6568.8955;6982.5967;7760.2397;8808.174;10000.0
10000.0;8809.612;7762.944;6986.2373;6573.033;6573.0327;6986.2363;7762.943;8809.612;10000.0
10000.0;8811.05;7765.6436;6989.8726;6577.165;6577.1646;6989.8716;7765.6426;8811.05;10000.0
10000.0;8812.485;7768.34;6993.5034;6581.292;6581.2915;6993.5024;7768.339;8812.485;10000.0
10000.0;8813.919;7771.0327;6997.13;6585.414;6585.4136;6997.129;7771.0317;8813.919;10000.0
10000.0;8815.351;7773.7227;7000.752;6589.5313;6589.531;7000.751;7773.7217;8815.351;10000.0
10000.0;8816.781;7776.409;7004.3696;6593.6436;6593.643;7004.3687;7776.408;8816.781;10000.0
10000.0;8818.21;7779.0923;7007.983;6597.751;6597.7505;7007.982;7779.0913;8818.21;10000.0
10000.0;8819.637;7781.7725;7011.592;6601.8535;6601.853;7011.591;7781.7715;8819.637;10000.0
10000.0;8821.062;7784.449;7015.1963;6605.9507;6605.95;7015.1953;7784.448;8821.062;10000.0
10000.0;8822.484;7787.123;7018.7964;6610.043;6610.0425;7018.7954;7787.122;8822.484;10000.0
10000.0;8823.906;7789.7935;7022.392;6614.1304;6614.13;7022.391;7789.7925;8823.906;10000.0
10000.0;8825.326;7792.4604;7025.9834;6618.213;6618.2124;7025.9824;7792.4595;8825.326;10000.0
10000.0;8826.744;7795.1245;7029.5703;6622.2905;6622.29;7029.5693;7795.1235;8826.744;10000.0
10000.0;8828.16;7797.785;7033.153;6626.3633;6626.363;7033.152;7797.784;8828.16;10000.0
10000.0;8829.575;7800.4424;7036.7314;6630.431;6630.4307;7036.7305;7800.4414;8829.575;10000.0
10000.0;8830.988;7803.0967;7040.3057;6634.494;6634.4937;7040.3047;7803.0957;8830.988;10000.0
10000.0;8832.399;7805.7476;7043.8755;6638.5522;6638.552;7043.8745;7805.7466;8832.399;10000.0
10000.0;8833.809;7808.3955;7047.441;6642.6055;6642.605;7047.44;7808.3945;8833.809;10000.0
10000.0;8835.217;7811.04;7051.002;6646.654;6646.6533;7051.001;7811.039;8835.217;10000.0
10000.0;8836.623;7813.6816;7054.559;6650.6973;6650.697;7054.558;7813.6807;8836.623;10000.0
10000.0;8838.027;7816.32;7058.112;6654.736;6654.7354;7058.111;7816.319;8838.027;10000.0
10000.0;8839.43;7818.9546;7061.66;6658.7695;6658.769;7061.659;7818.9536;8839.43;10000.0